game_id,eventnum,eventmsgtype,eventmsgactiontype,period,wctimestring,pctimestring,homedescription,neutraldescription,visitordescription,score,scoremargin,person1type,player1_id,player1_name,player1_team_id,player1_team_city,player1_team_nickname,player1_team_abbreviation,person2type,player2_id,player2_name,player2_team_id,player2_team_city,player2_team_nickname,player2_team_abbreviation,person3type,player3_id,player3_name,player3_team_id,player3_team_city,player3_team_nickname,player3_team_abbreviation,video_available_flag,home_team_abbrev,away_team_abbrev,home_team_id,away_team_id,game_date,season,event_team,event_type_de,shot_type_de,shot_made,is_block,shot_type,seconds_elapsed,event_length,is_three,points_made,is_o_rebound,is_d_rebound,is_turnover,is_steal,foul_type,is_putback,home_player_1,home_player_1_id,home_player_2,home_player_2_id,home_player_3,home_player_3_id,home_player_4,home_player_4_id,home_player_5,home_player_5_id,away_player_1,away_player_1_id,away_player_2,away_player_2_id,away_player_3,away_player_3_id,away_player_4,away_player_4_id,away_player_5,away_player_5_id
0022100771,2,12,0,1,8:41 PM,12:00,,Start of 1st Period (8:41 PM EST),,,,0,0,,,,,,0,0,,,,,,0,0,,,,,,0,SAS,GSW,1610612759,1610612744,2022-02-01,2022,GSW,period-start,,,0,,0,,0,0,0,0,0,0,,0,Keldon Johnson,1629640,Doug McDermott,203926,Jakob Poeltl,1627751,Derrick White,1628401,Dejounte Murray,1627749,Moses Moody,1630541,Juan Toscano-Anderson,1629308,Kevon Looney,1626172,Jordan Poole,1629673,Damion Lee,1627814
0022100771,4,10,0,1,8:41 PM,12:00,Jump Ball Poeltl vs. Looney: Tip to Murray,,,,,4,1627751,Jakob Poeltl,1610612759.0,San Antonio,Spurs,SAS,5,1626172,Kevon Looney,1610612744.0,Golden State,Warriors,GSW,4,1627749,Dejounte Murray,1610612759.0,San Antonio,Spurs,SAS,1,SAS,GSW,1610612759,1610612744,2022-02-01,2022,SAS,jump-ball,,,0,,0,0.0,0,0,0,0,0,0,,0,Keldon Johnson,1629640,Doug McDermott,203926,Jakob Poeltl,1627751,Derrick White,1628401,Dejounte Murray,1627749,Moses Moody,1630541,Juan Toscano-Anderson,1629308,Kevon Looney,1626172,Jordan Poole,1629673,Damion Lee,1627814
0022100771,7,2,47,1,8:41 PM,11:47,MISS Murray 6' Turnaround Jump Shot,,,,,4,1627749,Dejounte Murray,1610612759.0,San Antonio,Spurs,SAS,0,0,,,,,,0,0,,,,,,1,SAS,GSW,1610612759,1610612744,2022-02-01,2022,SAS,missed_shot,,0.0,0,Turnaround Jump Shot,13,13.0,0,0,0,0,0,0,,0,Keldon Johnson,1629640,Doug McDermott,203926,Jakob Poeltl,1627751,Derrick White,1628401,Dejounte Murray,1627749,Moses Moody,1630541,Juan Toscano-Anderson,1629308,Kevon Looney,1626172,Jordan Poole,1629673,Damion Lee,1627814
0022100771,8,4,0,1,8:41 PM,11:45,,,Poole REBOUND (Off:0 Def:1),,,5,1629673,Jordan Poole,1610612744.0,Golden State,Warriors,GSW,0,0,,,,,,0,0,,,,,,1,SAS,GSW,1610612759,1610612744,2022-02-01,2022,GSW,rebound,,,0,,15,2.0,0,0,0,1,0,0,,0,Keldon Johnson,1629640,Doug McDermott,203926,Jakob Poeltl,1627751,Derrick White,1628401,Dejounte Murray,1627749,Moses Moody,1630541,Juan Toscano-Anderson,1629308,Kevon Looney,1626172,Jordan Poole,1629673,Damion Lee,1627814
0022100771,9,1,79,1,8:41 PM,11:31,,,Lee 13' Pullup Jump Shot (2 PTS) (Toscano-Anderson 1 AST),2 - 0,-2,5,1627814,Damion Lee,1610612744.0,Golden State,Warriors,GSW,5,1629308,Juan Toscano-Anderson,1610612744.0,Golden State,Warriors,GSW,0,0,,,,,,1,SAS,GSW,1610612759,1610612744,2022-02-01,2022,GSW,shot,,1.0,0,Pullup Jump shot,29,14.0,0,2,0,0,0,0,,0,Keldon Johnson,1629640,Doug McDermott,203926,Jakob Poeltl,1627751,Derrick White,1628401,Dejounte Murray,1627749,Moses Moody,1630541,Juan Toscano-Anderson,1629308,Kevon Looney,1626172,Jordan Poole,1629673,Damion Lee,1627814
0022100771,11,1,75,1,8:41 PM,11:17,McDermott 1' Driving Finger Roll Layup (2 PTS) (Poeltl 1 AST),,,2 - 2,TIE,4,203926,Doug McDermott,1610612759.0,San Antonio,Spurs,SAS,4,1627751,Jakob Poeltl,1610612759.0,San Antonio,Spurs,SAS,0,0,,,,,,1,SAS,GSW,1610612759,1610612744,2022-02-01,2022,SAS,shot,,1.0,0,Driving Finger Roll Layup Shot,43,14.0,0,2,0,0,0,0,,0,Keldon Johnson,1629640,Doug McDermott,203926,Jakob Poeltl,1627751,Derrick White,1628401,Dejounte Murray,1627749,Moses Moody,1630541,Juan Toscano-Anderson,1629308,Kevon Looney,1626172,Jordan Poole,1629673,Damion Lee,1627814
0022100771,13,1,73,1,8:42 PM,11:04,,,Lee 1' Driving Reverse Layup (4 PTS),4 - 2,-2,5,1627814,Damion Lee,1610612744.0,Golden State,Warriors,GSW,0,0,,,,,,0,0,,,,,,1,SAS,GSW,1610612759,1610612744,2022-02-01,2022,GSW,shot,,1.0,0,Driving Reverse Layup Shot,56,13.0,0,2,0,0,0,0,,0,Keldon Johnson,1629640,Doug McDermott,203926,Jakob Poeltl,1627751,Derrick White,1628401,Dejounte Murray,1627749,Moses Moody,1630541,Juan Toscano-Anderson,1629308,Kevon Looney,1626172,Jordan Poole,1629673,Damion Lee,1627814
0022100771,14,1,1,1,8:42 PM,10:55,McDermott 25' 3PT Jump Shot (5 PTS) (White 1 AST),,,4 - 5,1,4,203926,Doug McDermott,1610612759.0,San Antonio,Spurs,SAS,4,1628401,Derrick White,1610612759.0,San Antonio,Spurs,SAS,0,0,,,,,,1,SAS,GSW,1610612759,1610612744,2022-02-01,2022,SAS,shot,,1.0,0,Jump Shot,65,9.0,1,3,0,0,0,0,,0,Keldon Johnson,1629640,Doug McDermott,203926,Jakob Poeltl,1627751,Derrick White,1628401,Dejounte Murray,1627749,Moses Moody,1630541,Juan Toscano-Anderson,1629308,Kevon Looney,1626172,Jordan Poole,1629673,Damion Lee,1627814
0022100771,16,1,79,1,8:42 PM,10:39,,,Poole 18' Pullup Jump Shot (2 PTS),6 - 5,-1,5,1629673,Jordan Poole,1610612744.0,Golden State,Warriors,GSW,0,0,,,,,,0,0,,,,,,1,SAS,GSW,1610612759,1610612744,2022-02-01,2022,GSW,shot,,1.0,0,Pullup Jump shot,81,16.0,0,2,0,0,0,0,,0,Keldon Johnson,1629640,Doug McDermott,203926,Jakob Poeltl,1627751,Derrick White,1628401,Dejounte Murray,1627749,Moses Moody,1630541,Juan Toscano-Anderson,1629308,Kevon Looney,1626172,Jordan Poole,1629673,Damion Lee,1627814
0022100771,17,2,1,1,8:42 PM,10:24,MISS White 3PT Jump Shot,,,,,4,1628401,Derrick White,1610612759.0,San Antonio,Spurs,SAS,0,0,,,,,,0,0,,,,,,1,SAS,GSW,1610612759,1610612744,2022-02-01,2022,SAS,missed_shot,,0.0,0,Jump Shot,96,15.0,1,0,0,0,0,0,,0,Keldon Johnson,1629640,Doug McDermott,203926,Jakob Poeltl,1627751,Derrick White,1628401,Dejounte Murray,1627749,Moses Moody,1630541,Juan Toscano-Anderson,1629308,Kevon Looney,1626172,Jordan Poole,1629673,Damion Lee,1627814
0022100771,18,4,0,1,8:42 PM,10:22,,,Looney REBOUND (Off:0 Def:1),,,5,1626172,Kevon Looney,1610612744.0,Golden State,Warriors,GSW,0,0,,,,,,0,0,,,,,,1,SAS,GSW,1610612759,1610612744,2022-02-01,2022,GSW,rebound,,,0,,98,2.0,0,0,0,1,0,0,,0,Keldon Johnson,1629640,Doug McDermott,203926,Jakob Poeltl,1627751,Derrick White,1628401,Dejounte Murray,1627749,Moses Moody,1630541,Juan Toscano-Anderson,1629308,Kevon Looney,1626172,Jordan Poole,1629673,Damion Lee,1627814
0022100771,19,6,1,1,8:43 PM,10:16,McDermott P.FOUL (P1.T1) (T.Washington),,,,,4,203926,Doug McDermott,1610612759.0,San Antonio,Spurs,SAS,5,1629673,Jordan Poole,1610612744.0,Golden State,Warriors,GSW,1,0,,,,,,1,SAS,GSW,1610612759,1610612744,2022-02-01,2022,SAS,foul,,,0,,104,6.0,0,0,0,0,0,0,personal,0,Keldon Johnson,1629640,Doug McDermott,203926,Jakob Poeltl,1627751,Derrick White,1628401,Dejounte Murray,1627749,Moses Moody,1630541,Juan Toscano-Anderson,1629308,Kevon Looney,1626172,Jordan Poole,1629673,Damion Lee,1627814
0022100771,21,2,80,1,8:43 PM,10:02,,,MISS Poole 28' 3PT Step Back Jump Shot,,,5,1629673,Jordan Poole,1610612744.0,Golden State,Warriors,GSW,0,0,,,,,,0,0,,,,,,1,SAS,GSW,1610612759,1610612744,2022-02-01,2022,GSW,missed_shot,,0.0,0,Step Back Jump shot,118,14.0,1,0,0,0,0,0,,0,Keldon Johnson,1629640,Doug McDermott,203926,Jakob Poeltl,1627751,Derrick White,1628401,Dejounte Murray,1627749,Moses Moody,1630541,Juan Toscano-Anderson,1629308,Kevon Looney,1626172,Jordan Poole,1629673,Damion Lee,1627814
0022100771,22,4,0,1,8:43 PM,9:58,Murray REBOUND (Off:0 Def:1),,,,,4,1627749,Dejounte Murray,1610612759.0,San Antonio,Spurs,SAS,0,0,,,,,,0,0,,,,,,1,SAS,GSW,1610612759,1610612744,2022-02-01,2022,SAS,rebound,,,0,,122,4.0,0,0,0,1,0,0,,0,Keldon Johnson,1629640,Doug McDermott,203926,Jakob Poeltl,1627751,Derrick White,1628401,Dejounte Murray,1627749,Moses Moody,1630541,Juan Toscano-Anderson,1629308,Kevon Looney,1626172,Jordan Poole,1629673,Damion Lee,1627814
0022100771,23,1,1,1,8:43 PM,9:51,White 3PT Jump Shot (3 PTS) (Johnson 1 AST),,,6 - 8,2,4,1628401,Derrick White,1610612759.0,San Antonio,Spurs,SAS,4,1629640,Keldon Johnson,1610612759.0,San Antonio,Spurs,SAS,0,0,,,,,,1,SAS,GSW,1610612759,1610612744,2022-02-01,2022,SAS,shot,,1.0,0,Jump Shot,129,7.0,1,3,0,0,0,0,,0,Keldon Johnson,1629640,Doug McDermott,203926,Jakob Poeltl,1627751,Derrick White,1628401,Dejounte Murray,1627749,Moses Moody,1630541,Juan Toscano-Anderson,1629308,Kevon Looney,1626172,Jordan Poole,1629673,Damion Lee,1627814
0022100771,25,1,5,1,8:44 PM,9:30,,,Looney 2' Layup (2 PTS) (Toscano-Anderson 2 AST),8 - 8,TIE,5,1626172,Kevon Looney,1610612744.0,Golden State,Warriors,GSW,5,1629308,Juan Toscano-Anderson,1610612744.0,Golden State,Warriors,GSW,0,0,,,,,,1,SAS,GSW,1610612759,1610612744,2022-02-01,2022,GSW,shot,,1.0,0,Layup Shot,150,21.0,0,2,0,0,0,0,,0,Keldon Johnson,1629640,Doug McDermott,203926,Jakob Poeltl,1627751,Derrick White,1628401,Dejounte Murray,1627749,Moses Moody,1630541,Juan Toscano-Anderson,1629308,Kevon Looney,1626172,Jordan Poole,1629673,Damion Lee,1627814
0022100771,27,2,79,1,8:44 PM,9:20,MISS McDermott 26' 3PT Pullup Jump Shot,,,,,4,203926,Doug McDermott,1610612759.0,San Antonio,Spurs,SAS,0,0,,,,,,0,0,,,,,,1,SAS,GSW,1610612759,1610612744,2022-02-01,2022,SAS,missed_shot,,0.0,0,Pullup Jump shot,160,10.0,1,0,0,0,0,0,,0,Keldon Johnson,1629640,Doug McDermott,203926,Jakob Poeltl,1627751,Derrick White,1628401,Dejounte Murray,1627749,Moses Moody,1630541,Juan Toscano-Anderson,1629308,Kevon Looney,1626172,Jordan Poole,1629673,Damion Lee,1627814
0022100771,28,4,0,1,8:44 PM,9:20,,,Warriors Rebound,,,3,1610612744,,,,,,0,0,,,,,,0,0,,,,,,0,SAS,GSW,1610612759,1610612744,2022-02-01,2022,GSW,rebound,,,0,,160,0.0,0,0,0,0,0,0,,0,Keldon Johnson,1629640,Doug McDermott,203926,Jakob Poeltl,1627751,Derrick White,1628401,Dejounte Murray,1627749,Moses Moody,1630541,Juan Toscano-Anderson,1629308,Kevon Looney,1626172,Jordan Poole,1629673,Damion Lee,1627814
0022100771,30,2,6,1,8:44 PM,9:02,,,MISS Toscano-Anderson 3' Driving Layup,,,5,1629308,Juan Toscano-Anderson,1610612744.0,Golden State,Warriors,GSW,0,0,,,,,,0,0,,,,,,1,SAS,GSW,1610612759,1610612744,2022-02-01,2022,GSW,missed_shot,,0.0,0,Driving Layup Shot,178,18.0,0,0,0,0,0,0,,0,Keldon Johnson,1629640,Doug McDermott,203926,Jakob Poeltl,1627751,Derrick White,1628401,Dejounte Murray,1627749,Moses Moody,1630541,Juan Toscano-Anderson,1629308,Kevon Looney,1626172,Jordan Poole,1629673,Damion Lee,1627814
0022100771,31,4,0,1,8:44 PM,9:00,Poeltl REBOUND (Off:0 Def:1),,,,,4,1627751,Jakob Poeltl,1610612759.0,San Antonio,Spurs,SAS,0,0,,,,,,0,0,,,,,,1,SAS,GSW,1610612759,1610612744,2022-02-01,2022,SAS,rebound,,,0,,180,2.0,0,0,0,1,0,0,,0,Keldon Johnson,1629640,Doug McDermott,203926,Jakob Poeltl,1627751,Derrick White,1628401,Dejounte Murray,1627749,Moses Moody,1630541,Juan Toscano-Anderson,1629308,Kevon Looney,1626172,Jordan Poole,1629673,Damion Lee,1627814
0022100771,32,1,5,1,8:44 PM,8:54,Poeltl 1' Layup (2 PTS) (Murray 1 AST),,,8 - 10,2,4,1627751,Jakob Poeltl,1610612759.0,San Antonio,Spurs,SAS,4,1627749,Dejounte Murray,1610612759.0,San Antonio,Spurs,SAS,0,0,,,,,,1,SAS,GSW,1610612759,1610612744,2022-02-01,2022,SAS,shot,,1.0,0,Layup Shot,186,6.0,0,2,0,0,0,0,,0,Keldon Johnson,1629640,Doug McDermott,203926,Jakob Poeltl,1627751,Derrick White,1628401,Dejounte Murray,1627749,Moses Moody,1630541,Juan Toscano-Anderson,1629308,Kevon Looney,1626172,Jordan Poole,1629673,Damion Lee,1627814
0022100771,34,5,7,1,8:45 PM,8:43,,,Poole Discontinue Dribble Turnover (P1.T1),,,5,1629673,Jordan Poole,1610612744.0,Golden State,Warriors,GSW,0,0,,,,,,1,0,,,,,,1,SAS,GSW,1610612759,1610612744,2022-02-01,2022,GSW,turnover,,,0,,197,11.0,0,0,0,0,1,0,,0,Keldon Johnson,1629640,Doug McDermott,203926,Jakob Poeltl,1627751,Derrick White,1628401,Dejounte Murray,1627749,Moses Moody,1630541,Juan Toscano-Anderson,1629308,Kevon Looney,1626172,Jordan Poole,1629673,Damion Lee,1627814
0022100771,35,1,75,1,8:45 PM,8:28,Johnson 2' Driving Finger Roll Layup (2 PTS),,,8 - 12,4,4,1629640,Keldon Johnson,1610612759.0,San Antonio,Spurs,SAS,0,0,,,,,,0,0,,,,,,1,SAS,GSW,1610612759,1610612744,2022-02-01,2022,SAS,shot,,1.0,0,Driving Finger Roll Layup Shot,212,15.0,0,2,0,0,0,0,,0,Keldon Johnson,1629640,Doug McDermott,203926,Jakob Poeltl,1627751,Derrick White,1628401,Dejounte Murray,1627749,Moses Moody,1630541,Juan Toscano-Anderson,1629308,Kevon Looney,1626172,Jordan Poole,1629673,Damion Lee,1627814
0022100771,36,5,1,1,8:45 PM,8:15,Murray STEAL (1 STL),,Moody Bad Pass Turnover (P1.T2),,,5,1630541,Moses Moody,1610612744.0,Golden State,Warriors,GSW,4,1627749,Dejounte Murray,1610612759.0,San Antonio,Spurs,SAS,0,0,,,,,,1,SAS,GSW,1610612759,1610612744,2022-02-01,2022,GSW,turnover,,,0,,225,13.0,0,0,0,0,1,1,,0,Keldon Johnson,1629640,Doug McDermott,203926,Jakob Poeltl,1627751,Derrick White,1628401,Dejounte Murray,1627749,Moses Moody,1630541,Juan Toscano-Anderson,1629308,Kevon Looney,1626172,Jordan Poole,1629673,Damion Lee,1627814
0022100771,38,1,2,1,8:45 PM,8:09,McDermott 25' 3PT Running Jump Shot (8 PTS) (Murray 2 AST),,,8 - 15,7,4,203926,Doug McDermott,1610612759.0,San Antonio,Spurs,SAS,4,1627749,Dejounte Murray,1610612759.0,San Antonio,Spurs,SAS,0,0,,,,,,1,SAS,GSW,1610612759,1610612744,2022-02-01,2022,SAS,shot,,1.0,0,Running Jump Shot,231,6.0,1,3,0,0,0,0,,0,Keldon Johnson,1629640,Doug McDermott,203926,Jakob Poeltl,1627751,Derrick White,1628401,Dejounte Murray,1627749,Moses Moody,1630541,Juan Toscano-Anderson,1629308,Kevon Looney,1626172,Jordan Poole,1629673,Damion Lee,1627814
0022100771,40,9,1,1,8:46 PM,8:08,,,Warriors Timeout: Regular (Reg.1 Short 0),,,3,1610612744,,,,,,0,0,,,,,,0,0,,,,,,0,SAS,GSW,1610612759,1610612744,2022-02-01,2022,GSW,team-timeout,,,0,,232,1.0,0,0,0,0,0,0,,0,Keldon Johnson,1629640,Doug McDermott,203926,Jakob Poeltl,1627751,Derrick White,1628401,Dejounte Murray,1627749,Moses Moody,1630541,Juan Toscano-Anderson,1629308,Kevon Looney,1626172,Jordan Poole,1629673,Damion Lee,1627814
0022100771,42,2,1,1,8:49 PM,7:48,,,MISS Poole 25' 3PT Jump Shot,,,5,1629673,Jordan Poole,1610612744.0,Golden State,Warriors,GSW,0,0,,,,,,0,0,,,,,,1,SAS,GSW,1610612759,1610612744,2022-02-01,2022,GSW,missed_shot,,0.0,0,Jump Shot,252,20.0,1,0,0,0,0,0,,0,Keldon Johnson,1629640,Doug McDermott,203926,Jakob Poeltl,1627751,Derrick White,1628401,Dejounte Murray,1627749,Moses Moody,1630541,Juan Toscano-Anderson,1629308,Kevon Looney,1626172,Jordan Poole,1629673,Damion Lee,1627814
0022100771,43,4,0,1,8:49 PM,7:43,,,Looney REBOUND (Off:1 Def:1),,,5,1626172,Kevon Looney,1610612744.0,Golden State,Warriors,GSW,0,0,,,,,,0,0,,,,,,1,SAS,GSW,1610612759,1610612744,2022-02-01,2022,GSW,rebound,,,0,,257,5.0,0,0,1,0,0,0,,0,Keldon Johnson,1629640,Doug McDermott,203926,Jakob Poeltl,1627751,Derrick White,1628401,Dejounte Murray,1627749,Moses Moody,1630541,Juan Toscano-Anderson,1629308,Kevon Looney,1626172,Jordan Poole,1629673,Damion Lee,1627814
0022100771,44,1,5,1,8:49 PM,7:43,,,Looney Layup (4 PTS),10 - 15,5,5,1626172,Kevon Looney,1610612744.0,Golden State,Warriors,GSW,0,0,,,,,,0,0,,,,,,1,SAS,GSW,1610612759,1610612744,2022-02-01,2022,GSW,shot,,1.0,0,Layup Shot,257,0.0,0,2,0,0,0,0,,1,Keldon Johnson,1629640,Doug McDermott,203926,Jakob Poeltl,1627751,Derrick White,1628401,Dejounte Murray,1627749,Moses Moody,1630541,Juan Toscano-Anderson,1629308,Kevon Looney,1626172,Jordan Poole,1629673,Damion Lee,1627814
0022100771,45,2,79,1,8:49 PM,7:34,MISS Murray 12' Pullup Jump Shot,,,,,4,1627749,Dejounte Murray,1610612759.0,San Antonio,Spurs,SAS,0,0,,,,,,0,0,,,,,,1,SAS,GSW,1610612759,1610612744,2022-02-01,2022,SAS,missed_shot,,0.0,0,Pullup Jump shot,266,9.0,0,0,0,0,0,0,,0,Keldon Johnson,1629640,Doug McDermott,203926,Jakob Poeltl,1627751,Derrick White,1628401,Dejounte Murray,1627749,Moses Moody,1630541,Juan Toscano-Anderson,1629308,Kevon Looney,1626172,Jordan Poole,1629673,Damion Lee,1627814
0022100771,46,4,0,1,8:49 PM,7:34,Poeltl REBOUND (Off:1 Def:1),,,,,4,1627751,Jakob Poeltl,1610612759.0,San Antonio,Spurs,SAS,0,0,,,,,,0,0,,,,,,1,SAS,GSW,1610612759,1610612744,2022-02-01,2022,SAS,rebound,,,0,,266,0.0,0,0,1,0,0,0,,0,Keldon Johnson,1629640,Doug McDermott,203926,Jakob Poeltl,1627751,Derrick White,1628401,Dejounte Murray,1627749,Moses Moody,1630541,Juan Toscano-Anderson,1629308,Kevon Looney,1626172,Jordan Poole,1629673,Damion Lee,1627814
0022100771,48,6,2,1,8:49 PM,7:33,,,Moody S.FOUL (P1.T1) (T.Washington),,,5,1630541,Moses Moody,1610612744.0,Golden State,Warriors,GSW,4,1627751,Jakob Poeltl,1610612759.0,San Antonio,Spurs,SAS,1,0,,,,,,1,SAS,GSW,1610612759,1610612744,2022-02-01,2022,GSW,foul,,,0,,267,1.0,0,0,0,0,0,0,shooting,1,Keldon Johnson,1629640,Doug McDermott,203926,Jakob Poeltl,1627751,Derrick White,1628401,Dejounte Murray,1627749,Moses Moody,1630541,Juan Toscano-Anderson,1629308,Kevon Looney,1626172,Jordan Poole,1629673,Damion Lee,1627814
0022100771,50,3,11,1,8:50 PM,7:33,Poeltl Free Throw 1 of 2 (3 PTS),,,10 - 16,6,4,1627751,Jakob Poeltl,1610612759.0,San Antonio,Spurs,SAS,0,0,,,,,,0,0,,,,,,1,SAS,GSW,1610612759,1610612744,2022-02-01,2022,SAS,free-throw,,1.0,0,Free Throw 1 of 2,267,0.0,0,1,0,0,0,0,,0,Keldon Johnson,1629640,Doug McDermott,203926,Jakob Poeltl,1627751,Derrick White,1628401,Dejounte Murray,1627749,Moses Moody,1630541,Juan Toscano-Anderson,1629308,Kevon Looney,1626172,Jordan Poole,1629673,Damion Lee,1627814
0022100771,51,3,12,1,8:50 PM,7:33,MISS Poeltl Free Throw 2 of 2,,,,,4,1627751,Jakob Poeltl,1610612759.0,San Antonio,Spurs,SAS,0,0,,,,,,0,0,,,,,,1,SAS,GSW,1610612759,1610612744,2022-02-01,2022,SAS,free-throw,,0.0,0,Free Throw 2 of 2,267,0.0,0,0,0,0,0,0,,0,Keldon Johnson,1629640,Doug McDermott,203926,Jakob Poeltl,1627751,Derrick White,1628401,Dejounte Murray,1627749,Moses Moody,1630541,Juan Toscano-Anderson,1629308,Kevon Looney,1626172,Jordan Poole,1629673,Damion Lee,1627814
0022100771,52,4,0,1,8:50 PM,7:29,,,Moody REBOUND (Off:0 Def:1),,,5,1630541,Moses Moody,1610612744.0,Golden State,Warriors,GSW,0,0,,,,,,0,0,,,,,,1,SAS,GSW,1610612759,1610612744,2022-02-01,2022,GSW,rebound,,,0,,271,4.0,0,0,0,1,0,0,,0,Keldon Johnson,1629640,Doug McDermott,203926,Jakob Poeltl,1627751,Derrick White,1628401,Dejounte Murray,1627749,Moses Moody,1630541,Juan Toscano-Anderson,1629308,Kevon Looney,1626172,Jordan Poole,1629673,Damion Lee,1627814
0022100771,53,2,1,1,8:50 PM,7:16,,,MISS Moody 26' 3PT Jump Shot,,,5,1630541,Moses Moody,1610612744.0,Golden State,Warriors,GSW,0,0,,,,,,0,0,,,,,,1,SAS,GSW,1610612759,1610612744,2022-02-01,2022,GSW,missed_shot,,0.0,0,Jump Shot,284,13.0,1,0,0,0,0,0,,0,Keldon Johnson,1629640,Doug McDermott,203926,Jakob Poeltl,1627751,Derrick White,1628401,Dejounte Murray,1627749,Moses Moody,1630541,Juan Toscano-Anderson,1629308,Kevon Looney,1626172,Jordan Poole,1629673,Damion Lee,1627814
0022100771,54,4,0,1,8:50 PM,7:12,Murray REBOUND (Off:0 Def:2),,,,,4,1627749,Dejounte Murray,1610612759.0,San Antonio,Spurs,SAS,0,0,,,,,,0,0,,,,,,1,SAS,GSW,1610612759,1610612744,2022-02-01,2022,SAS,rebound,,,0,,288,4.0,0,0,0,1,0,0,,0,Keldon Johnson,1629640,Doug McDermott,203926,Jakob Poeltl,1627751,Derrick White,1628401,Dejounte Murray,1627749,Moses Moody,1630541,Juan Toscano-Anderson,1629308,Kevon Looney,1626172,Jordan Poole,1629673,Damion Lee,1627814
0022100771,55,2,1,1,8:50 PM,7:05,MISS White 24' 3PT Jump Shot,,,,,4,1628401,Derrick White,1610612759.0,San Antonio,Spurs,SAS,0,0,,,,,,0,0,,,,,,1,SAS,GSW,1610612759,1610612744,2022-02-01,2022,SAS,missed_shot,,0.0,0,Jump Shot,295,7.0,1,0,0,0,0,0,,0,Keldon Johnson,1629640,Doug McDermott,203926,Jakob Poeltl,1627751,Derrick White,1628401,Dejounte Murray,1627749,Moses Moody,1630541,Juan Toscano-Anderson,1629308,Kevon Looney,1626172,Jordan Poole,1629673,Damion Lee,1627814
0022100771,56,4,0,1,8:50 PM,7:02,,,Looney REBOUND (Off:1 Def:2),,,5,1626172,Kevon Looney,1610612744.0,Golden State,Warriors,GSW,0,0,,,,,,0,0,,,,,,1,SAS,GSW,1610612759,1610612744,2022-02-01,2022,GSW,rebound,,,0,,298,3.0,0,0,0,1,0,0,,0,Keldon Johnson,1629640,Doug McDermott,203926,Jakob Poeltl,1627751,Derrick White,1628401,Dejounte Murray,1627749,Moses Moody,1630541,Juan Toscano-Anderson,1629308,Kevon Looney,1626172,Jordan Poole,1629673,Damion Lee,1627814
0022100771,57,2,1,1,8:51 PM,6:48,,,MISS Looney 15' Jump Shot,,,5,1626172,Kevon Looney,1610612744.0,Golden State,Warriors,GSW,0,0,,,,,,0,0,,,,,,1,SAS,GSW,1610612759,1610612744,2022-02-01,2022,GSW,missed_shot,,0.0,0,Jump Shot,312,14.0,0,0,0,0,0,0,,0,Keldon Johnson,1629640,Doug McDermott,203926,Jakob Poeltl,1627751,Derrick White,1628401,Dejounte Murray,1627749,Moses Moody,1630541,Juan Toscano-Anderson,1629308,Kevon Looney,1626172,Jordan Poole,1629673,Damion Lee,1627814
0022100771,58,4,0,1,8:51 PM,6:46,,,Poole REBOUND (Off:1 Def:1),,,5,1629673,Jordan Poole,1610612744.0,Golden State,Warriors,GSW,0,0,,,,,,0,0,,,,,,1,SAS,GSW,1610612759,1610612744,2022-02-01,2022,GSW,rebound,,,0,,314,2.0,0,0,1,0,0,0,,0,Keldon Johnson,1629640,Doug McDermott,203926,Jakob Poeltl,1627751,Derrick White,1628401,Dejounte Murray,1627749,Moses Moody,1630541,Juan Toscano-Anderson,1629308,Kevon Looney,1626172,Jordan Poole,1629673,Damion Lee,1627814
0022100771,59,2,1,1,8:51 PM,6:36,,,MISS Poole 25' 3PT Jump Shot,,,5,1629673,Jordan Poole,1610612744.0,Golden State,Warriors,GSW,0,0,,,,,,0,0,,,,,,1,SAS,GSW,1610612759,1610612744,2022-02-01,2022,GSW,missed_shot,,0.0,0,Jump Shot,324,10.0,1,0,0,0,0,0,,0,Keldon Johnson,1629640,Doug McDermott,203926,Jakob Poeltl,1627751,Derrick White,1628401,Dejounte Murray,1627749,Moses Moody,1630541,Juan Toscano-Anderson,1629308,Kevon Looney,1626172,Jordan Poole,1629673,Damion Lee,1627814
0022100771,60,4,0,1,8:51 PM,6:33,Murray REBOUND (Off:0 Def:3),,,,,4,1627749,Dejounte Murray,1610612759.0,San Antonio,Spurs,SAS,0,0,,,,,,0,0,,,,,,1,SAS,GSW,1610612759,1610612744,2022-02-01,2022,SAS,rebound,,,0,,327,3.0,0,0,0,1,0,0,,0,Keldon Johnson,1629640,Doug McDermott,203926,Jakob Poeltl,1627751,Derrick White,1628401,Dejounte Murray,1627749,Moses Moody,1630541,Juan Toscano-Anderson,1629308,Kevon Looney,1626172,Jordan Poole,1629673,Damion Lee,1627814
0022100771,61,1,6,1,8:51 PM,6:17,White 4' Driving Layup (5 PTS) (Johnson 2 AST),,,10 - 18,8,4,1628401,Derrick White,1610612759.0,San Antonio,Spurs,SAS,4,1629640,Keldon Johnson,1610612759.0,San Antonio,Spurs,SAS,0,0,,,,,,1,SAS,GSW,1610612759,1610612744,2022-02-01,2022,SAS,shot,,1.0,0,Driving Layup Shot,343,16.0,0,2,0,0,0,0,,0,Keldon Johnson,1629640,Doug McDermott,203926,Jakob Poeltl,1627751,Derrick White,1628401,Dejounte Murray,1627749,Moses Moody,1630541,Juan Toscano-Anderson,1629308,Kevon Looney,1626172,Jordan Poole,1629673,Damion Lee,1627814
0022100771,63,1,1,1,8:51 PM,5:56,,,Lee 25' 3PT Jump Shot (7 PTS) (Poole 1 AST),13 - 18,5,5,1627814,Damion Lee,1610612744.0,Golden State,Warriors,GSW,5,1629673,Jordan Poole,1610612744.0,Golden State,Warriors,GSW,0,0,,,,,,1,SAS,GSW,1610612759,1610612744,2022-02-01,2022,GSW,shot,,1.0,0,Jump Shot,364,21.0,1,3,0,0,0,0,,0,Keldon Johnson,1629640,Doug McDermott,203926,Jakob Poeltl,1627751,Derrick White,1628401,Dejounte Murray,1627749,Moses Moody,1630541,Juan Toscano-Anderson,1629308,Kevon Looney,1626172,Jordan Poole,1629673,Damion Lee,1627814
0022100771,65,1,101,1,8:52 PM,5:45,Murray 5' Driving Floating Jump Shot (2 PTS),,,13 - 20,7,4,1627749,Dejounte Murray,1610612759.0,San Antonio,Spurs,SAS,0,0,,,,,,0,0,,,,,,1,SAS,GSW,1610612759,1610612744,2022-02-01,2022,SAS,shot,,1.0,0,Driving Floating Jump Shot,375,11.0,0,2,0,0,0,0,,0,Keldon Johnson,1629640,Doug McDermott,203926,Jakob Poeltl,1627751,Derrick White,1628401,Dejounte Murray,1627749,Moses Moody,1630541,Juan Toscano-Anderson,1629308,Kevon Looney,1626172,Jordan Poole,1629673,Damion Lee,1627814
0022100771,66,2,1,1,8:52 PM,5:32,,,MISS Moody 3PT Jump Shot,,,5,1630541,Moses Moody,1610612744.0,Golden State,Warriors,GSW,0,0,,,,,,0,0,,,,,,1,SAS,GSW,1610612759,1610612744,2022-02-01,2022,GSW,missed_shot,,0.0,0,Jump Shot,388,13.0,1,0,0,0,0,0,,0,Keldon Johnson,1629640,Doug McDermott,203926,Jakob Poeltl,1627751,Derrick White,1628401,Dejounte Murray,1627749,Moses Moody,1630541,Juan Toscano-Anderson,1629308,Kevon Looney,1626172,Jordan Poole,1629673,Damion Lee,1627814
0022100771,67,4,0,1,8:52 PM,5:28,Poeltl REBOUND (Off:1 Def:2),,,,,4,1627751,Jakob Poeltl,1610612759.0,San Antonio,Spurs,SAS,0,0,,,,,,0,0,,,,,,1,SAS,GSW,1610612759,1610612744,2022-02-01,2022,SAS,rebound,,,0,,392,4.0,0,0,0,1,0,0,,0,Keldon Johnson,1629640,Doug McDermott,203926,Jakob Poeltl,1627751,Derrick White,1628401,Dejounte Murray,1627749,Moses Moody,1630541,Juan Toscano-Anderson,1629308,Kevon Looney,1626172,Jordan Poole,1629673,Damion Lee,1627814
0022100771,68,2,41,1,8:52 PM,5:24,MISS Murray 2' Running Layup,,,,,4,1627749,Dejounte Murray,1610612759.0,San Antonio,Spurs,SAS,0,0,,,,,,0,0,,,,,,1,SAS,GSW,1610612759,1610612744,2022-02-01,2022,SAS,missed_shot,,0.0,0,Running Layup Shot,396,4.0,0,0,0,0,0,0,,0,Keldon Johnson,1629640,Doug McDermott,203926,Jakob Poeltl,1627751,Derrick White,1628401,Dejounte Murray,1627749,Moses Moody,1630541,Juan Toscano-Anderson,1629308,Kevon Looney,1626172,Jordan Poole,1629673,Damion Lee,1627814
0022100771,69,4,0,1,8:52 PM,5:22,,,Looney REBOUND (Off:1 Def:3),,,5,1626172,Kevon Looney,1610612744.0,Golden State,Warriors,GSW,0,0,,,,,,0,0,,,,,,1,SAS,GSW,1610612759,1610612744,2022-02-01,2022,GSW,rebound,,,0,,398,2.0,0,0,0,1,0,0,,0,Keldon Johnson,1629640,Doug McDermott,203926,Jakob Poeltl,1627751,Derrick White,1628401,Dejounte Murray,1627749,Moses Moody,1630541,Juan Toscano-Anderson,1629308,Kevon Looney,1626172,Jordan Poole,1629673,Damion Lee,1627814
0022100771,70,5,2,1,8:52 PM,5:21,Murray STEAL (2 STL),,Looney Lost Ball Turnover (P1.T3),,,5,1626172,Kevon Looney,1610612744.0,Golden State,Warriors,GSW,4,1627749,Dejounte Murray,1610612759.0,San Antonio,Spurs,SAS,0,0,,,,,,1,SAS,GSW,1610612759,1610612744,2022-02-01,2022,GSW,turnover,,,0,,399,1.0,0,0,0,0,1,1,,0,Keldon Johnson,1629640,Doug McDermott,203926,Jakob Poeltl,1627751,Derrick White,1628401,Dejounte Murray,1627749,Moses Moody,1630541,Juan Toscano-Anderson,1629308,Kevon Looney,1626172,Jordan Poole,1629673,Damion Lee,1627814
0022100771,72,1,108,1,8:52 PM,5:14,Poeltl Cutting Dunk Shot (5 PTS) (White 2 AST),,,13 - 22,9,4,1627751,Jakob Poeltl,1610612759.0,San Antonio,Spurs,SAS,4,1628401,Derrick White,1610612759.0,San Antonio,Spurs,SAS,0,0,,,,,,1,SAS,GSW,1610612759,1610612744,2022-02-01,2022,SAS,shot,,1.0,0,Cutting Dunk Shot,406,7.0,0,2,0,0,0,0,,0,Keldon Johnson,1629640,Doug McDermott,203926,Jakob Poeltl,1627751,Derrick White,1628401,Dejounte Murray,1627749,Moses Moody,1630541,Juan Toscano-Anderson,1629308,Kevon Looney,1626172,Jordan Poole,1629673,Damion Lee,1627814
0022100771,74,1,79,1,8:53 PM,4:50,,,Poole 19' Pullup Jump Shot (4 PTS) (Looney 1 AST),15 - 22,7,5,1629673,Jordan Poole,1610612744.0,Golden State,Warriors,GSW,5,1626172,Kevon Looney,1610612744.0,Golden State,Warriors,GSW,0,0,,,,,,1,SAS,GSW,1610612759,1610612744,2022-02-01,2022,GSW,shot,,1.0,0,Pullup Jump shot,430,24.0,0,2,0,0,0,0,,0,Keldon Johnson,1629640,Doug McDermott,203926,Jakob Poeltl,1627751,Derrick White,1628401,Dejounte Murray,1627749,Moses Moody,1630541,Juan Toscano-Anderson,1629308,Kevon Looney,1626172,Jordan Poole,1629673,Damion Lee,1627814
0022100771,76,2,1,1,8:53 PM,4:40,MISS Johnson 25' 3PT Jump Shot,,,,,4,1629640,Keldon Johnson,1610612759.0,San Antonio,Spurs,SAS,0,0,,,,,,0,0,,,,,,1,SAS,GSW,1610612759,1610612744,2022-02-01,2022,SAS,missed_shot,,0.0,0,Jump Shot,440,10.0,1,0,0,0,0,0,,0,Keldon Johnson,1629640,Doug McDermott,203926,Jakob Poeltl,1627751,Derrick White,1628401,Dejounte Murray,1627749,Moses Moody,1630541,Juan Toscano-Anderson,1629308,Kevon Looney,1626172,Jordan Poole,1629673,Damion Lee,1627814
0022100771,77,4,0,1,8:53 PM,4:35,Poeltl REBOUND (Off:2 Def:2),,,,,4,1627751,Jakob Poeltl,1610612759.0,San Antonio,Spurs,SAS,0,0,,,,,,0,0,,,,,,1,SAS,GSW,1610612759,1610612744,2022-02-01,2022,SAS,rebound,,,0,,445,5.0,0,0,1,0,0,0,,0,Keldon Johnson,1629640,Doug McDermott,203926,Jakob Poeltl,1627751,Derrick White,1628401,Dejounte Murray,1627749,Moses Moody,1630541,Juan Toscano-Anderson,1629308,Kevon Looney,1626172,Jordan Poole,1629673,Damion Lee,1627814
0022100771,78,5,1,1,8:53 PM,4:34,Poeltl Bad Pass Turnover (P1.T1),,Lee STEAL (1 STL),,,4,1627751,Jakob Poeltl,1610612759.0,San Antonio,Spurs,SAS,5,1627814,Damion Lee,1610612744.0,Golden State,Warriors,GSW,0,0,,,,,,1,SAS,GSW,1610612759,1610612744,2022-02-01,2022,SAS,turnover,,,0,,446,1.0,0,0,0,0,1,1,,1,Keldon Johnson,1629640,Doug McDermott,203926,Jakob Poeltl,1627751,Derrick White,1628401,Dejounte Murray,1627749,Moses Moody,1630541,Juan Toscano-Anderson,1629308,Kevon Looney,1626172,Jordan Poole,1629673,Damion Lee,1627814
0022100771,80,2,1,1,8:53 PM,4:29,,,MISS Poole 28' 3PT Jump Shot,,,5,1629673,Jordan Poole,1610612744.0,Golden State,Warriors,GSW,0,0,,,,,,0,0,,,,,,1,SAS,GSW,1610612759,1610612744,2022-02-01,2022,GSW,missed_shot,,0.0,0,Jump Shot,451,5.0,1,0,0,0,0,0,,0,Keldon Johnson,1629640,Doug McDermott,203926,Jakob Poeltl,1627751,Derrick White,1628401,Dejounte Murray,1627749,Moses Moody,1630541,Juan Toscano-Anderson,1629308,Kevon Looney,1626172,Jordan Poole,1629673,Damion Lee,1627814
0022100771,81,4,0,1,8:53 PM,4:25,Poeltl REBOUND (Off:2 Def:3),,,,,4,1627751,Jakob Poeltl,1610612759.0,San Antonio,Spurs,SAS,0,0,,,,,,0,0,,,,,,1,SAS,GSW,1610612759,1610612744,2022-02-01,2022,SAS,rebound,,,0,,455,4.0,0,0,0,1,0,0,,0,Keldon Johnson,1629640,Doug McDermott,203926,Jakob Poeltl,1627751,Derrick White,1628401,Dejounte Murray,1627749,Moses Moody,1630541,Juan Toscano-Anderson,1629308,Kevon Looney,1626172,Jordan Poole,1629673,Damion Lee,1627814
0022100771,82,9,1,1,8:53 PM,4:22,SPURS Timeout: Regular (Full 1 Short 0),,,,,2,1610612759,,,,,,0,0,,,,,,0,0,,,,,,0,SAS,GSW,1610612759,1610612744,2022-02-01,2022,SAS,team-timeout,,,0,,458,3.0,0,0,0,0,0,0,,0,Keldon Johnson,1629640,Doug McDermott,203926,Jakob Poeltl,1627751,Derrick White,1628401,Dejounte Murray,1627749,Moses Moody,1630541,Juan Toscano-Anderson,1629308,Kevon Looney,1626172,Jordan Poole,1629673,Damion Lee,1627814
0022100771,85,8,0,1,8:55 PM,4:22,SUB: Walker IV FOR White,,,,,4,1628401,Derrick White,1610612759.0,San Antonio,Spurs,SAS,4,1629022,Lonnie Walker IV,1610612759.0,San Antonio,Spurs,SAS,0,0,,,,,,0,SAS,GSW,1610612759,1610612744,2022-02-01,2022,SAS,substitution,,,0,,458,0.0,0,0,0,0,0,0,,0,Keldon Johnson,1629640,Doug McDermott,203926,Jakob Poeltl,1627751,Dejounte Murray,1627749,Lonnie Walker IV,1629022,Moses Moody,1630541,Juan Toscano-Anderson,1629308,Kevon Looney,1626172,Jordan Poole,1629673,Damion Lee,1627814
0022100771,86,8,0,1,8:55 PM,4:22,SUB: Vassell FOR Poeltl,,,,,4,1627751,Jakob Poeltl,1610612759.0,San Antonio,Spurs,SAS,4,1630170,Devin Vassell,1610612759.0,San Antonio,Spurs,SAS,0,0,,,,,,0,SAS,GSW,1610612759,1610612744,2022-02-01,2022,SAS,substitution,,,0,,458,0.0,0,0,0,0,0,0,,0,Keldon Johnson,1629640,Doug McDermott,203926,Dejounte Murray,1627749,Lonnie Walker IV,1629022,Devin Vassell,1630170,Moses Moody,1630541,Juan Toscano-Anderson,1629308,Kevon Looney,1626172,Jordan Poole,1629673,Damion Lee,1627814
0022100771,87,8,0,1,8:55 PM,4:22,,,SUB: Kuminga FOR Lee,,,5,1627814,Damion Lee,1610612744.0,Golden State,Warriors,GSW,5,1630228,Jonathan Kuminga,1610612744.0,Golden State,Warriors,GSW,0,0,,,,,,0,SAS,GSW,1610612759,1610612744,2022-02-01,2022,GSW,substitution,,,0,,458,0.0,0,0,0,0,0,0,,0,Keldon Johnson,1629640,Doug McDermott,203926,Dejounte Murray,1627749,Lonnie Walker IV,1629022,Devin Vassell,1630170,Moses Moody,1630541,Juan Toscano-Anderson,1629308,Kevon Looney,1626172,Jordan Poole,1629673,Jonathan Kuminga,1630228
0022100771,88,8,0,1,8:55 PM,4:22,,,SUB: Payton II FOR Looney,,,5,1626172,Kevon Looney,1610612744.0,Golden State,Warriors,GSW,5,1627780,Gary Payton II,1610612744.0,Golden State,Warriors,GSW,0,0,,,,,,0,SAS,GSW,1610612759,1610612744,2022-02-01,2022,GSW,substitution,,,0,,458,0.0,0,0,0,0,0,0,,0,Keldon Johnson,1629640,Doug McDermott,203926,Dejounte Murray,1627749,Lonnie Walker IV,1629022,Devin Vassell,1630170,Moses Moody,1630541,Juan Toscano-Anderson,1629308,Jordan Poole,1629673,Jonathan Kuminga,1630228,Gary Payton II,1627780
0022100771,100,8,0,1,8:55 PM,4:22,SUB: Landale FOR McDermott,,,,,4,203926,Doug McDermott,1610612759.0,San Antonio,Spurs,SAS,4,1629111,Jock Landale,1610612759.0,San Antonio,Spurs,SAS,0,0,,,,,,0,SAS,GSW,1610612759,1610612744,2022-02-01,2022,SAS,substitution,,,0,,458,0.0,0,0,0,0,0,0,,0,Keldon Johnson,1629640,Dejounte Murray,1627749,Lonnie Walker IV,1629022,Devin Vassell,1630170,Jock Landale,1629111,Moses Moody,1630541,Juan Toscano-Anderson,1629308,Jordan Poole,1629673,Jonathan Kuminga,1630228,Gary Payton II,1627780
0022100771,94,2,1,1,8:56 PM,4:11,MISS Vassell 15' Jump Shot,,,,,4,1630170,Devin Vassell,1610612759.0,San Antonio,Spurs,SAS,0,0,,,,,,0,0,,,,,,1,SAS,GSW,1610612759,1610612744,2022-02-01,2022,SAS,missed_shot,,0.0,0,Jump Shot,469,11.0,0,0,0,0,0,0,,0,Keldon Johnson,1629640,Dejounte Murray,1627749,Lonnie Walker IV,1629022,Devin Vassell,1630170,Jock Landale,1629111,Moses Moody,1630541,Juan Toscano-Anderson,1629308,Jordan Poole,1629673,Jonathan Kuminga,1630228,Gary Payton II,1627780
0022100771,95,4,0,1,8:56 PM,4:09,,,Poole REBOUND (Off:1 Def:2),,,5,1629673,Jordan Poole,1610612744.0,Golden State,Warriors,GSW,0,0,,,,,,0,0,,,,,,1,SAS,GSW,1610612759,1610612744,2022-02-01,2022,GSW,rebound,,,0,,471,2.0,0,0,0,1,0,0,,0,Keldon Johnson,1629640,Dejounte Murray,1627749,Lonnie Walker IV,1629022,Devin Vassell,1630170,Jock Landale,1629111,Moses Moody,1630541,Juan Toscano-Anderson,1629308,Jordan Poole,1629673,Jonathan Kuminga,1630228,Gary Payton II,1627780
0022100771,96,1,1,1,8:56 PM,3:58,,,Moody 28' 3PT Jump Shot (3 PTS) (Poole 2 AST),18 - 22,4,5,1630541,Moses Moody,1610612744.0,Golden State,Warriors,GSW,5,1629673,Jordan Poole,1610612744.0,Golden State,Warriors,GSW,0,0,,,,,,1,SAS,GSW,1610612759,1610612744,2022-02-01,2022,GSW,shot,,1.0,0,Jump Shot,482,11.0,1,3,0,0,0,0,,0,Keldon Johnson,1629640,Dejounte Murray,1627749,Lonnie Walker IV,1629022,Devin Vassell,1630170,Jock Landale,1629111,Moses Moody,1630541,Juan Toscano-Anderson,1629308,Jordan Poole,1629673,Jonathan Kuminga,1630228,Gary Payton II,1627780
0022100771,98,1,101,1,8:57 PM,3:45,Johnson 6' Driving Floating Jump Shot (4 PTS) (Murray 3 AST),,,18 - 24,6,4,1629640,Keldon Johnson,1610612759.0,San Antonio,Spurs,SAS,4,1627749,Dejounte Murray,1610612759.0,San Antonio,Spurs,SAS,0,0,,,,,,1,SAS,GSW,1610612759,1610612744,2022-02-01,2022,SAS,shot,,1.0,0,Driving Floating Jump Shot,495,13.0,0,2,0,0,0,0,,0,Keldon Johnson,1629640,Dejounte Murray,1627749,Lonnie Walker IV,1629022,Devin Vassell,1630170,Jock Landale,1629111,Moses Moody,1630541,Juan Toscano-Anderson,1629308,Jordan Poole,1629673,Jonathan Kuminga,1630228,Gary Payton II,1627780
0022100771,101,2,1,1,8:57 PM,3:21,,,MISS Kuminga 25' 3PT Jump Shot,,,5,1630228,Jonathan Kuminga,1610612744.0,Golden State,Warriors,GSW,0,0,,,,,,0,0,,,,,,1,SAS,GSW,1610612759,1610612744,2022-02-01,2022,GSW,missed_shot,,0.0,0,Jump Shot,519,24.0,1,0,0,0,0,0,,0,Keldon Johnson,1629640,Dejounte Murray,1627749,Lonnie Walker IV,1629022,Devin Vassell,1630170,Jock Landale,1629111,Moses Moody,1630541,Juan Toscano-Anderson,1629308,Jordan Poole,1629673,Jonathan Kuminga,1630228,Gary Payton II,1627780
0022100771,102,4,0,1,8:57 PM,3:18,Murray REBOUND (Off:0 Def:4),,,,,4,1627749,Dejounte Murray,1610612759.0,San Antonio,Spurs,SAS,0,0,,,,,,0,0,,,,,,1,SAS,GSW,1610612759,1610612744,2022-02-01,2022,SAS,rebound,,,0,,522,3.0,0,0,0,1,0,0,,0,Keldon Johnson,1629640,Dejounte Murray,1627749,Lonnie Walker IV,1629022,Devin Vassell,1630170,Jock Landale,1629111,Moses Moody,1630541,Juan Toscano-Anderson,1629308,Jordan Poole,1629673,Jonathan Kuminga,1630228,Gary Payton II,1627780
0022100771,103,5,2,1,8:57 PM,3:12,Walker IV Lost Ball Turnover (P1.T2),,Payton II STEAL (1 STL),,,4,1629022,Lonnie Walker IV,1610612759.0,San Antonio,Spurs,SAS,5,1627780,Gary Payton II,1610612744.0,Golden State,Warriors,GSW,0,0,,,,,,1,SAS,GSW,1610612759,1610612744,2022-02-01,2022,SAS,turnover,,,0,,528,6.0,0,0,0,0,1,1,,0,Keldon Johnson,1629640,Dejounte Murray,1627749,Lonnie Walker IV,1629022,Devin Vassell,1630170,Jock Landale,1629111,Moses Moody,1630541,Juan Toscano-Anderson,1629308,Jordan Poole,1629673,Jonathan Kuminga,1630228,Gary Payton II,1627780
0022100771,105,1,74,1,8:57 PM,3:06,,,Toscano-Anderson 2' Running Reverse Layup (2 PTS) (Payton II 1 AST),20 - 24,4,5,1629308,Juan Toscano-Anderson,1610612744.0,Golden State,Warriors,GSW,5,1627780,Gary Payton II,1610612744.0,Golden State,Warriors,GSW,0,0,,,,,,1,SAS,GSW,1610612759,1610612744,2022-02-01,2022,GSW,shot,,1.0,0,Running Reverse Layup Shot,534,6.0,0,2,0,0,0,0,,0,Keldon Johnson,1629640,Dejounte Murray,1627749,Lonnie Walker IV,1629022,Devin Vassell,1630170,Jock Landale,1629111,Moses Moody,1630541,Juan Toscano-Anderson,1629308,Jordan Poole,1629673,Jonathan Kuminga,1630228,Gary Payton II,1627780
0022100771,106,1,1,1,8:57 PM,2:56,Vassell 24' 3PT Jump Shot (3 PTS) (Walker IV 1 AST),,,20 - 27,7,4,1630170,Devin Vassell,1610612759.0,San Antonio,Spurs,SAS,4,1629022,Lonnie Walker IV,1610612759.0,San Antonio,Spurs,SAS,0,0,,,,,,1,SAS,GSW,1610612759,1610612744,2022-02-01,2022,SAS,shot,,1.0,0,Jump Shot,544,10.0,1,3,0,0,0,0,,0,Keldon Johnson,1629640,Dejounte Murray,1627749,Lonnie Walker IV,1629022,Devin Vassell,1630170,Jock Landale,1629111,Moses Moody,1630541,Juan Toscano-Anderson,1629308,Jordan Poole,1629673,Jonathan Kuminga,1630228,Gary Payton II,1627780
0022100771,108,1,47,1,8:58 PM,2:38,,,Toscano-Anderson 3' Turnaround Jump Shot (4 PTS) (Poole 3 AST),22 - 27,5,5,1629308,Juan Toscano-Anderson,1610612744.0,Golden State,Warriors,GSW,5,1629673,Jordan Poole,1610612744.0,Golden State,Warriors,GSW,0,0,,,,,,1,SAS,GSW,1610612759,1610612744,2022-02-01,2022,GSW,shot,,1.0,0,Turnaround Jump Shot,562,18.0,0,2,0,0,0,0,,0,Keldon Johnson,1629640,Dejounte Murray,1627749,Lonnie Walker IV,1629022,Devin Vassell,1630170,Jock Landale,1629111,Moses Moody,1630541,Juan Toscano-Anderson,1629308,Jordan Poole,1629673,Jonathan Kuminga,1630228,Gary Payton II,1627780
0022100771,110,6,2,1,8:58 PM,2:30,,,Payton II S.FOUL (P1.T2) (M.Dagher),,,5,1627780,Gary Payton II,1610612744.0,Golden State,Warriors,GSW,4,1627749,Dejounte Murray,1610612759.0,San Antonio,Spurs,SAS,1,0,,,,,,1,SAS,GSW,1610612759,1610612744,2022-02-01,2022,GSW,foul,,,0,,570,8.0,0,0,0,0,0,0,shooting,0,Keldon Johnson,1629640,Dejounte Murray,1627749,Lonnie Walker IV,1629022,Devin Vassell,1630170,Jock Landale,1629111,Moses Moody,1630541,Juan Toscano-Anderson,1629308,Jordan Poole,1629673,Jonathan Kuminga,1630228,Gary Payton II,1627780
0022100771,112,3,11,1,8:58 PM,2:30,Murray Free Throw 1 of 2 (3 PTS),,,22 - 28,6,4,1627749,Dejounte Murray,1610612759.0,San Antonio,Spurs,SAS,0,0,,,,,,0,0,,,,,,1,SAS,GSW,1610612759,1610612744,2022-02-01,2022,SAS,free-throw,,1.0,0,Free Throw 1 of 2,570,0.0,0,1,0,0,0,0,,0,Keldon Johnson,1629640,Dejounte Murray,1627749,Lonnie Walker IV,1629022,Devin Vassell,1630170,Jock Landale,1629111,Moses Moody,1630541,Juan Toscano-Anderson,1629308,Jordan Poole,1629673,Jonathan Kuminga,1630228,Gary Payton II,1627780
0022100771,113,8,0,1,8:58 PM,2:30,SUB: Primo FOR Johnson,,,,,4,1629640,Keldon Johnson,1610612759.0,San Antonio,Spurs,SAS,4,1630563,Joshua Primo,1610612759.0,San Antonio,Spurs,SAS,0,0,,,,,,0,SAS,GSW,1610612759,1610612744,2022-02-01,2022,SAS,substitution,,,0,,570,0.0,0,0,0,0,0,0,,0,Dejounte Murray,1627749,Lonnie Walker IV,1629022,Devin Vassell,1630170,Jock Landale,1629111,Joshua Primo,1630563,Moses Moody,1630541,Juan Toscano-Anderson,1629308,Jordan Poole,1629673,Jonathan Kuminga,1630228,Gary Payton II,1627780
0022100771,114,8,0,1,8:58 PM,2:30,,,SUB: Chiozza FOR Poole,,,5,1629673,Jordan Poole,1610612744.0,Golden State,Warriors,GSW,5,1629185,Chris Chiozza,1610612744.0,Golden State,Warriors,GSW,0,0,,,,,,0,SAS,GSW,1610612759,1610612744,2022-02-01,2022,GSW,substitution,,,0,,570,0.0,0,0,0,0,0,0,,0,Dejounte Murray,1627749,Lonnie Walker IV,1629022,Devin Vassell,1630170,Jock Landale,1629111,Joshua Primo,1630563,Moses Moody,1630541,Juan Toscano-Anderson,1629308,Jonathan Kuminga,1630228,Gary Payton II,1627780,Chris Chiozza,1629185
0022100771,115,8,0,1,8:58 PM,2:30,,,SUB: Weatherspoon FOR Toscano-Anderson,,,5,1629308,Juan Toscano-Anderson,1610612744.0,Golden State,Warriors,GSW,5,1629683,Quinndary Weatherspoon,1610612744.0,Golden State,Warriors,GSW,0,0,,,,,,0,SAS,GSW,1610612759,1610612744,2022-02-01,2022,GSW,substitution,,,0,,570,0.0,0,0,0,0,0,0,,0,Dejounte Murray,1627749,Lonnie Walker IV,1629022,Devin Vassell,1630170,Jock Landale,1629111,Joshua Primo,1630563,Moses Moody,1630541,Jonathan Kuminga,1630228,Gary Payton II,1627780,Chris Chiozza,1629185,Quinndary Weatherspoon,1629683
0022100771,119,3,12,1,8:59 PM,2:30,Murray Free Throw 2 of 2 (4 PTS),,,22 - 29,7,4,1627749,Dejounte Murray,1610612759.0,San Antonio,Spurs,SAS,0,0,,,,,,0,0,,,,,,1,SAS,GSW,1610612759,1610612744,2022-02-01,2022,SAS,free-throw,,1.0,0,Free Throw 2 of 2,570,0.0,0,1,0,0,0,0,,0,Dejounte Murray,1627749,Lonnie Walker IV,1629022,Devin Vassell,1630170,Jock Landale,1629111,Joshua Primo,1630563,Moses Moody,1630541,Jonathan Kuminga,1630228,Gary Payton II,1627780,Chris Chiozza,1629185,Quinndary Weatherspoon,1629683
0022100771,120,1,7,1,8:59 PM,2:12,,,Kuminga Dunk (2 PTS) (Chiozza 1 AST),24 - 29,5,5,1630228,Jonathan Kuminga,1610612744.0,Golden State,Warriors,GSW,5,1629185,Chris Chiozza,1610612744.0,Golden State,Warriors,GSW,0,0,,,,,,1,SAS,GSW,1610612759,1610612744,2022-02-01,2022,GSW,shot,,1.0,0,Dunk Shot,588,18.0,0,2,0,0,0,0,,0,Dejounte Murray,1627749,Lonnie Walker IV,1629022,Devin Vassell,1630170,Jock Landale,1629111,Joshua Primo,1630563,Moses Moody,1630541,Jonathan Kuminga,1630228,Gary Payton II,1627780,Chris Chiozza,1629185,Quinndary Weatherspoon,1629683
0022100771,122,5,1,1,8:59 PM,2:02,Murray Bad Pass Turnover (P1.T3),,Payton II STEAL (2 STL),,,4,1627749,Dejounte Murray,1610612759.0,San Antonio,Spurs,SAS,5,1627780,Gary Payton II,1610612744.0,Golden State,Warriors,GSW,0,0,,,,,,1,SAS,GSW,1610612759,1610612744,2022-02-01,2022,SAS,turnover,,,0,,598,10.0,0,0,0,0,1,1,,0,Dejounte Murray,1627749,Lonnie Walker IV,1629022,Devin Vassell,1630170,Jock Landale,1629111,Joshua Primo,1630563,Moses Moody,1630541,Jonathan Kuminga,1630228,Gary Payton II,1627780,Chris Chiozza,1629185,Quinndary Weatherspoon,1629683
0022100771,124,5,1,1,8:59 PM,1:58,Vassell STEAL (1 STL),,Payton II Bad Pass Turnover (P1.T4),,,5,1627780,Gary Payton II,1610612744.0,Golden State,Warriors,GSW,4,1630170,Devin Vassell,1610612759.0,San Antonio,Spurs,SAS,0,0,,,,,,1,SAS,GSW,1610612759,1610612744,2022-02-01,2022,GSW,turnover,,,0,,602,4.0,0,0,0,0,1,1,,0,Dejounte Murray,1627749,Lonnie Walker IV,1629022,Devin Vassell,1630170,Jock Landale,1629111,Joshua Primo,1630563,Moses Moody,1630541,Jonathan Kuminga,1630228,Gary Payton II,1627780,Chris Chiozza,1629185,Quinndary Weatherspoon,1629683
0022100771,126,2,41,1,8:59 PM,1:56,MISS Landale 1' Running Layup,,,,,4,1629111,Jock Landale,1610612759.0,San Antonio,Spurs,SAS,0,0,,,,,,0,0,,,,,,1,SAS,GSW,1610612759,1610612744,2022-02-01,2022,SAS,missed_shot,,0.0,0,Running Layup Shot,604,2.0,0,0,0,0,0,0,,0,Dejounte Murray,1627749,Lonnie Walker IV,1629022,Devin Vassell,1630170,Jock Landale,1629111,Joshua Primo,1630563,Moses Moody,1630541,Jonathan Kuminga,1630228,Gary Payton II,1627780,Chris Chiozza,1629185,Quinndary Weatherspoon,1629683
0022100771,127,4,0,1,8:59 PM,1:56,Murray REBOUND (Off:1 Def:4),,,,,4,1627749,Dejounte Murray,1610612759.0,San Antonio,Spurs,SAS,0,0,,,,,,0,0,,,,,,1,SAS,GSW,1610612759,1610612744,2022-02-01,2022,SAS,rebound,,,0,,604,0.0,0,0,1,0,0,0,,0,Dejounte Murray,1627749,Lonnie Walker IV,1629022,Devin Vassell,1630170,Jock Landale,1629111,Joshua Primo,1630563,Moses Moody,1630541,Jonathan Kuminga,1630228,Gary Payton II,1627780,Chris Chiozza,1629185,Quinndary Weatherspoon,1629683
0022100771,128,6,1,1,8:59 PM,1:56,,,Payton II P.FOUL (P2.T3) (M.Lindsay),,,5,1627780,Gary Payton II,1610612744.0,Golden State,Warriors,GSW,4,1627749,Dejounte Murray,1610612759.0,San Antonio,Spurs,SAS,1,0,,,,,,1,SAS,GSW,1610612759,1610612744,2022-02-01,2022,GSW,foul,,,0,,604,0.0,0,0,0,0,0,0,personal,1,Dejounte Murray,1627749,Lonnie Walker IV,1629022,Devin Vassell,1630170,Jock Landale,1629111,Joshua Primo,1630563,Moses Moody,1630541,Jonathan Kuminga,1630228,Gary Payton II,1627780,Chris Chiozza,1629185,Quinndary Weatherspoon,1629683
0022100771,130,8,0,1,9:00 PM,1:56,SUB: White FOR Murray,,,,,4,1627749,Dejounte Murray,1610612759.0,San Antonio,Spurs,SAS,4,1628401,Derrick White,1610612759.0,San Antonio,Spurs,SAS,0,0,,,,,,0,SAS,GSW,1610612759,1610612744,2022-02-01,2022,SAS,substitution,,,0,,604,0.0,0,0,0,0,0,0,,0,Lonnie Walker IV,1629022,Devin Vassell,1630170,Jock Landale,1629111,Joshua Primo,1630563,Derrick White,1628401,Moses Moody,1630541,Jonathan Kuminga,1630228,Gary Payton II,1627780,Chris Chiozza,1629185,Quinndary Weatherspoon,1629683
0022100771,132,2,58,1,9:00 PM,1:42,MISS Landale 9' Turnaround Hook Shot,,,,,4,1629111,Jock Landale,1610612759.0,San Antonio,Spurs,SAS,0,0,,,,,,0,0,,,,,,1,SAS,GSW,1610612759,1610612744,2022-02-01,2022,SAS,missed_shot,,0.0,0,Turnaround Hook Shot,618,14.0,0,0,0,0,0,0,,0,Lonnie Walker IV,1629022,Devin Vassell,1630170,Jock Landale,1629111,Joshua Primo,1630563,Derrick White,1628401,Moses Moody,1630541,Jonathan Kuminga,1630228,Gary Payton II,1627780,Chris Chiozza,1629185,Quinndary Weatherspoon,1629683
0022100771,133,4,0,1,9:00 PM,1:39,Primo REBOUND (Off:1 Def:0),,,,,4,1630563,Joshua Primo,1610612759.0,San Antonio,Spurs,SAS,0,0,,,,,,0,0,,,,,,1,SAS,GSW,1610612759,1610612744,2022-02-01,2022,SAS,rebound,,,0,,621,3.0,0,0,1,0,0,0,,0,Lonnie Walker IV,1629022,Devin Vassell,1630170,Jock Landale,1629111,Joshua Primo,1630563,Derrick White,1628401,Moses Moody,1630541,Jonathan Kuminga,1630228,Gary Payton II,1627780,Chris Chiozza,1629185,Quinndary Weatherspoon,1629683
0022100771,134,1,97,1,9:00 PM,1:39,Primo Tip Layup Shot (2 PTS),,,24 - 31,7,4,1630563,Joshua Primo,1610612759.0,San Antonio,Spurs,SAS,0,0,,,,,,0,0,,,,,,1,SAS,GSW,1610612759,1610612744,2022-02-01,2022,SAS,shot,,1.0,0,Tip Layup Shot,621,0.0,0,2,0,0,0,0,,1,Lonnie Walker IV,1629022,Devin Vassell,1630170,Jock Landale,1629111,Joshua Primo,1630563,Derrick White,1628401,Moses Moody,1630541,Jonathan Kuminga,1630228,Gary Payton II,1627780,Chris Chiozza,1629185,Quinndary Weatherspoon,1629683
0022100771,135,5,1,1,9:00 PM,1:30,Primo STEAL (1 STL),,Weatherspoon Bad Pass Turnover (P1.T5),,,5,1629683,Quinndary Weatherspoon,1610612744.0,Golden State,Warriors,GSW,4,1630563,Joshua Primo,1610612759.0,San Antonio,Spurs,SAS,0,0,,,,,,1,SAS,GSW,1610612759,1610612744,2022-02-01,2022,GSW,turnover,,,0,,630,9.0,0,0,0,0,1,1,,0,Lonnie Walker IV,1629022,Devin Vassell,1630170,Jock Landale,1629111,Joshua Primo,1630563,Derrick White,1628401,Moses Moody,1630541,Jonathan Kuminga,1630228,Gary Payton II,1627780,Chris Chiozza,1629185,Quinndary Weatherspoon,1629683
0022100771,137,1,2,1,9:00 PM,1:22,Walker IV 25' 3PT Running Jump Shot (3 PTS) (Vassell 1 AST),,,24 - 34,10,4,1629022,Lonnie Walker IV,1610612759.0,San Antonio,Spurs,SAS,4,1630170,Devin Vassell,1610612759.0,San Antonio,Spurs,SAS,0,0,,,,,,1,SAS,GSW,1610612759,1610612744,2022-02-01,2022,SAS,shot,,1.0,0,Running Jump Shot,638,8.0,1,3,0,0,0,0,,0,Lonnie Walker IV,1629022,Devin Vassell,1630170,Jock Landale,1629111,Joshua Primo,1630563,Derrick White,1628401,Moses Moody,1630541,Jonathan Kuminga,1630228,Gary Payton II,1627780,Chris Chiozza,1629185,Quinndary Weatherspoon,1629683
0022100771,139,1,1,1,9:01 PM,1:09,,,Kuminga 27' 3PT Jump Shot (5 PTS) (Weatherspoon 1 AST),27 - 34,7,5,1630228,Jonathan Kuminga,1610612744.0,Golden State,Warriors,GSW,5,1629683,Quinndary Weatherspoon,1610612744.0,Golden State,Warriors,GSW,0,0,,,,,,1,SAS,GSW,1610612759,1610612744,2022-02-01,2022,GSW,shot,,1.0,0,Jump Shot,651,13.0,1,3,0,0,0,0,,0,Lonnie Walker IV,1629022,Devin Vassell,1630170,Jock Landale,1629111,Joshua Primo,1630563,Derrick White,1628401,Moses Moody,1630541,Jonathan Kuminga,1630228,Gary Payton II,1627780,Chris Chiozza,1629185,Quinndary Weatherspoon,1629683
0022100771,141,1,1,1,9:01 PM,0:49,White 14' Jump Shot (7 PTS) (Vassell 2 AST),,,27 - 36,9,4,1628401,Derrick White,1610612759.0,San Antonio,Spurs,SAS,4,1630170,Devin Vassell,1610612759.0,San Antonio,Spurs,SAS,0,0,,,,,,1,SAS,GSW,1610612759,1610612744,2022-02-01,2022,SAS,shot,,1.0,0,Jump Shot,671,20.0,0,2,0,0,0,0,,0,Lonnie Walker IV,1629022,Devin Vassell,1630170,Jock Landale,1629111,Joshua Primo,1630563,Derrick White,1628401,Moses Moody,1630541,Jonathan Kuminga,1630228,Gary Payton II,1627780,Chris Chiozza,1629185,Quinndary Weatherspoon,1629683
0022100771,143,2,6,1,9:01 PM,0:39,,,MISS Weatherspoon 1' Driving Layup,,,5,1629683,Quinndary Weatherspoon,1610612744.0,Golden State,Warriors,GSW,0,0,,,,,,0,0,,,,,,1,SAS,GSW,1610612759,1610612744,2022-02-01,2022,GSW,missed_shot,,0.0,0,Driving Layup Shot,681,10.0,0,0,0,0,0,0,,0,Lonnie Walker IV,1629022,Devin Vassell,1630170,Jock Landale,1629111,Joshua Primo,1630563,Derrick White,1628401,Moses Moody,1630541,Jonathan Kuminga,1630228,Gary Payton II,1627780,Chris Chiozza,1629185,Quinndary Weatherspoon,1629683
0022100771,144,4,0,1,9:01 PM,0:37,White REBOUND (Off:0 Def:1),,,,,4,1628401,Derrick White,1610612759.0,San Antonio,Spurs,SAS,0,0,,,,,,0,0,,,,,,1,SAS,GSW,1610612759,1610612744,2022-02-01,2022,SAS,rebound,,,0,,683,2.0,0,0,0,1,0,0,,0,Lonnie Walker IV,1629022,Devin Vassell,1630170,Jock Landale,1629111,Joshua Primo,1630563,Derrick White,1628401,Moses Moody,1630541,Jonathan Kuminga,1630228,Gary Payton II,1627780,Chris Chiozza,1629185,Quinndary Weatherspoon,1629683
0022100771,145,2,102,1,9:01 PM,0:32,MISS White 2' Driving Floating Bank Jump Shot,,,,,4,1628401,Derrick White,1610612759.0,San Antonio,Spurs,SAS,0,0,,,,,,0,0,,,,,,1,SAS,GSW,1610612759,1610612744,2022-02-01,2022,SAS,missed_shot,,0.0,0,Driving Floating Bank Jump Shot,688,5.0,0,0,0,0,0,0,,0,Lonnie Walker IV,1629022,Devin Vassell,1630170,Jock Landale,1629111,Joshua Primo,1630563,Derrick White,1628401,Moses Moody,1630541,Jonathan Kuminga,1630228,Gary Payton II,1627780,Chris Chiozza,1629185,Quinndary Weatherspoon,1629683
0022100771,146,4,0,1,9:01 PM,0:30,,,Moody REBOUND (Off:0 Def:2),,,5,1630541,Moses Moody,1610612744.0,Golden State,Warriors,GSW,0,0,,,,,,0,0,,,,,,1,SAS,GSW,1610612759,1610612744,2022-02-01,2022,GSW,rebound,,,0,,690,2.0,0,0,0,1,0,0,,0,Lonnie Walker IV,1629022,Devin Vassell,1630170,Jock Landale,1629111,Joshua Primo,1630563,Derrick White,1628401,Moses Moody,1630541,Jonathan Kuminga,1630228,Gary Payton II,1627780,Chris Chiozza,1629185,Quinndary Weatherspoon,1629683
0022100771,147,1,1,1,9:02 PM,0:23,,,Moody 24' 3PT Jump Shot (6 PTS) (Kuminga 1 AST),30 - 36,6,5,1630541,Moses Moody,1610612744.0,Golden State,Warriors,GSW,5,1630228,Jonathan Kuminga,1610612744.0,Golden State,Warriors,GSW,0,0,,,,,,1,SAS,GSW,1610612759,1610612744,2022-02-01,2022,GSW,shot,,1.0,0,Jump Shot,697,7.0,1,3,0,0,0,0,,0,Lonnie Walker IV,1629022,Devin Vassell,1630170,Jock Landale,1629111,Joshua Primo,1630563,Derrick White,1628401,Moses Moody,1630541,Jonathan Kuminga,1630228,Gary Payton II,1627780,Chris Chiozza,1629185,Quinndary Weatherspoon,1629683
0022100771,149,13,0,1,9:02 PM,0:00,,End of 1st Period (9:02 PM EST),,30 - 36,6,0,0,,,,,,0,0,,,,,,0,0,,,,,,1,SAS,GSW,1610612759,1610612744,2022-02-01,2022,GSW,period-end,,,0,,720,23.0,0,0,0,0,0,0,,0,Lonnie Walker IV,1629022,Devin Vassell,1630170,Jock Landale,1629111,Joshua Primo,1630563,Derrick White,1628401,Moses Moody,1630541,Jonathan Kuminga,1630228,Gary Payton II,1627780,Chris Chiozza,1629185,Quinndary Weatherspoon,1629683
0022100771,154,12,0,2,9:05 PM,12:00,,Start of 2nd Period (9:05 PM EST),,30 - 36,6,0,0,,,,,,0,0,,,,,,0,0,,,,,,0,SAS,GSW,1610612759,1610612744,2022-02-01,2022,GSW,period-start,,,0,,720,0.0,0,0,0,0,0,0,,0,Jakob Poeltl,1627751,Derrick White,1628401,Lonnie Walker IV,1629022,Devin Vassell,1630170,Joshua Primo,1630563,Damion Lee,1627814,Jonathan Kuminga,1630228,Gary Payton II,1627780,Chris Chiozza,1629185,Quinndary Weatherspoon,1629683
0022100771,155,6,2,2,9:05 PM,11:41,Poeltl S.FOUL (P1.T1) (T.Washington),,,,,4,1627751,Jakob Poeltl,1610612759.0,San Antonio,Spurs,SAS,5,1629683,Quinndary Weatherspoon,1610612744.0,Golden State,Warriors,GSW,1,0,,,,,,1,SAS,GSW,1610612759,1610612744,2022-02-01,2022,SAS,foul,,,0,,739,19.0,0,0,0,0,0,0,shooting,0,Jakob Poeltl,1627751,Derrick White,1628401,Lonnie Walker IV,1629022,Devin Vassell,1630170,Joshua Primo,1630563,Damion Lee,1627814,Jonathan Kuminga,1630228,Gary Payton II,1627780,Chris Chiozza,1629185,Quinndary Weatherspoon,1629683
0022100771,157,3,11,2,9:05 PM,11:41,,,Weatherspoon Free Throw 1 of 2 (1 PTS),31 - 36,5,5,1629683,Quinndary Weatherspoon,1610612744.0,Golden State,Warriors,GSW,0,0,,,,,,0,0,,,,,,1,SAS,GSW,1610612759,1610612744,2022-02-01,2022,GSW,free-throw,,1.0,0,Free Throw 1 of 2,739,0.0,0,1,0,0,0,0,,0,Jakob Poeltl,1627751,Derrick White,1628401,Lonnie Walker IV,1629022,Devin Vassell,1630170,Joshua Primo,1630563,Damion Lee,1627814,Jonathan Kuminga,1630228,Gary Payton II,1627780,Chris Chiozza,1629185,Quinndary Weatherspoon,1629683
0022100771,158,3,12,2,9:06 PM,11:41,,,Weatherspoon Free Throw 2 of 2 (2 PTS),32 - 36,4,5,1629683,Quinndary Weatherspoon,1610612744.0,Golden State,Warriors,GSW,0,0,,,,,,0,0,,,,,,1,SAS,GSW,1610612759,1610612744,2022-02-01,2022,GSW,free-throw,,1.0,0,Free Throw 2 of 2,739,0.0,0,1,0,0,0,0,,0,Jakob Poeltl,1627751,Derrick White,1628401,Lonnie Walker IV,1629022,Devin Vassell,1630170,Joshua Primo,1630563,Damion Lee,1627814,Jonathan Kuminga,1630228,Gary Payton II,1627780,Chris Chiozza,1629185,Quinndary Weatherspoon,1629683
0022100771,159,6,1,2,9:06 PM,11:24,,,Weatherspoon P.FOUL (P1.T1) (M.Lindsay),,,5,1629683,Quinndary Weatherspoon,1610612744.0,Golden State,Warriors,GSW,4,1627751,Jakob Poeltl,1610612759.0,San Antonio,Spurs,SAS,1,0,,,,,,1,SAS,GSW,1610612759,1610612744,2022-02-01,2022,GSW,foul,,,0,,756,17.0,0,0,0,0,0,0,personal,0,Jakob Poeltl,1627751,Derrick White,1628401,Lonnie Walker IV,1629022,Devin Vassell,1630170,Joshua Primo,1630563,Damion Lee,1627814,Jonathan Kuminga,1630228,Gary Payton II,1627780,Chris Chiozza,1629185,Quinndary Weatherspoon,1629683
0022100771,161,1,1,2,9:07 PM,11:16,Vassell 3PT Jump Shot (6 PTS) (Primo 1 AST),,,32 - 39,7,4,1630170,Devin Vassell,1610612759.0,San Antonio,Spurs,SAS,4,1630563,Joshua Primo,1610612759.0,San Antonio,Spurs,SAS,0,0,,,,,,1,SAS,GSW,1610612759,1610612744,2022-02-01,2022,SAS,shot,,1.0,0,Jump Shot,764,8.0,1,3,0,0,0,0,,0,Jakob Poeltl,1627751,Derrick White,1628401,Lonnie Walker IV,1629022,Devin Vassell,1630170,Joshua Primo,1630563,Damion Lee,1627814,Jonathan Kuminga,1630228,Gary Payton II,1627780,Chris Chiozza,1629185,Quinndary Weatherspoon,1629683
0022100771,163,6,1,2,9:07 PM,11:03,White P.FOUL (P1.T2) (M.Lindsay),,,,,4,1628401,Derrick White,1610612759.0,San Antonio,Spurs,SAS,5,1629185,Chris Chiozza,1610612744.0,Golden State,Warriors,GSW,1,0,,,,,,1,SAS,GSW,1610612759,1610612744,2022-02-01,2022,SAS,foul,,,0,,777,13.0,0,0,0,0,0,0,personal,0,Jakob Poeltl,1627751,Derrick White,1628401,Lonnie Walker IV,1629022,Devin Vassell,1630170,Joshua Primo,1630563,Damion Lee,1627814,Jonathan Kuminga,1630228,Gary Payton II,1627780,Chris Chiozza,1629185,Quinndary Weatherspoon,1629683
0022100771,165,2,1,2,9:07 PM,10:51,,,MISS Kuminga 3PT Jump Shot,,,5,1630228,Jonathan Kuminga,1610612744.0,Golden State,Warriors,GSW,0,0,,,,,,0,0,,,,,,1,SAS,GSW,1610612759,1610612744,2022-02-01,2022,GSW,missed_shot,,0.0,0,Jump Shot,789,12.0,1,0,0,0,0,0,,0,Jakob Poeltl,1627751,Derrick White,1628401,Lonnie Walker IV,1629022,Devin Vassell,1630170,Joshua Primo,1630563,Damion Lee,1627814,Jonathan Kuminga,1630228,Gary Payton II,1627780,Chris Chiozza,1629185,Quinndary Weatherspoon,1629683
0022100771,166,4,0,2,9:07 PM,10:49,SPURS Rebound,,,,,2,1610612759,,,,,,0,0,,,,,,0,0,,,,,,0,SAS,GSW,1610612759,1610612744,2022-02-01,2022,SAS,rebound,,,0,,791,2.0,0,0,0,0,0,0,,0,Jakob Poeltl,1627751,Derrick White,1628401,Lonnie Walker IV,1629022,Devin Vassell,1630170,Joshua Primo,1630563,Damion Lee,1627814,Jonathan Kuminga,1630228,Gary Payton II,1627780,Chris Chiozza,1629185,Quinndary Weatherspoon,1629683
0022100771,167,6,3,2,9:07 PM,10:49,,,Payton II L.B.FOUL (P3.T2) (T.Washington),,,5,1627780,Gary Payton II,1610612744.0,Golden State,Warriors,GSW,4,1630170,Devin Vassell,1610612759.0,San Antonio,Spurs,SAS,1,0,,,,,,1,SAS,GSW,1610612759,1610612744,2022-02-01,2022,GSW,foul,,,0,,791,0.0,0,0,0,0,0,0,loose ball,0,Jakob Poeltl,1627751,Derrick White,1628401,Lonnie Walker IV,1629022,Devin Vassell,1630170,Joshua Primo,1630563,Damion Lee,1627814,Jonathan Kuminga,1630228,Gary Payton II,1627780,Chris Chiozza,1629185,Quinndary Weatherspoon,1629683
0022100771,169,8,0,2,9:08 PM,10:49,,,SUB: Moody FOR Payton II,,,5,1627780,Gary Payton II,1610612744.0,Golden State,Warriors,GSW,5,1630541,Moses Moody,1610612744.0,Golden State,Warriors,GSW,0,0,,,,,,0,SAS,GSW,1610612759,1610612744,2022-02-01,2022,GSW,substitution,,,0,,791,0.0,0,0,0,0,0,0,,0,Jakob Poeltl,1627751,Derrick White,1628401,Lonnie Walker IV,1629022,Devin Vassell,1630170,Joshua Primo,1630563,Damion Lee,1627814,Jonathan Kuminga,1630228,Chris Chiozza,1629185,Quinndary Weatherspoon,1629683,Moses Moody,1630541
0022100771,171,2,79,2,9:08 PM,10:37,MISS Walker IV 16' Pullup Jump Shot,,,,,4,1629022,Lonnie Walker IV,1610612759.0,San Antonio,Spurs,SAS,0,0,,,,,,0,0,,,,,,1,SAS,GSW,1610612759,1610612744,2022-02-01,2022,SAS,missed_shot,,0.0,0,Pullup Jump shot,803,12.0,0,0,0,0,0,0,,0,Jakob Poeltl,1627751,Derrick White,1628401,Lonnie Walker IV,1629022,Devin Vassell,1630170,Joshua Primo,1630563,Damion Lee,1627814,Jonathan Kuminga,1630228,Chris Chiozza,1629185,Quinndary Weatherspoon,1629683,Moses Moody,1630541
0022100771,172,4,0,2,9:08 PM,10:35,,,Weatherspoon REBOUND (Off:0 Def:1),,,5,1629683,Quinndary Weatherspoon,1610612744.0,Golden State,Warriors,GSW,0,0,,,,,,0,0,,,,,,1,SAS,GSW,1610612759,1610612744,2022-02-01,2022,GSW,rebound,,,0,,805,2.0,0,0,0,1,0,0,,0,Jakob Poeltl,1627751,Derrick White,1628401,Lonnie Walker IV,1629022,Devin Vassell,1630170,Joshua Primo,1630563,Damion Lee,1627814,Jonathan Kuminga,1630228,Chris Chiozza,1629185,Quinndary Weatherspoon,1629683,Moses Moody,1630541
0022100771,173,6,2,2,9:08 PM,10:31,Poeltl S.FOUL (P2.T3) (M.Dagher),,,,,4,1627751,Jakob Poeltl,1610612759.0,San Antonio,Spurs,SAS,5,1630541,Moses Moody,1610612744.0,Golden State,Warriors,GSW,1,0,,,,,,1,SAS,GSW,1610612759,1610612744,2022-02-01,2022,SAS,foul,,,0,,809,4.0,0,0,0,0,0,0,shooting,0,Jakob Poeltl,1627751,Derrick White,1628401,Lonnie Walker IV,1629022,Devin Vassell,1630170,Joshua Primo,1630563,Damion Lee,1627814,Jonathan Kuminga,1630228,Chris Chiozza,1629185,Quinndary Weatherspoon,1629683,Moses Moody,1630541
0022100771,175,3,11,2,9:09 PM,10:31,,,Moody Free Throw 1 of 2 (7 PTS),33 - 39,6,5,1630541,Moses Moody,1610612744.0,Golden State,Warriors,GSW,0,0,,,,,,0,0,,,,,,1,SAS,GSW,1610612759,1610612744,2022-02-01,2022,GSW,free-throw,,1.0,0,Free Throw 1 of 2,809,0.0,0,1,0,0,0,0,,0,Jakob Poeltl,1627751,Derrick White,1628401,Lonnie Walker IV,1629022,Devin Vassell,1630170,Joshua Primo,1630563,Damion Lee,1627814,Jonathan Kuminga,1630228,Chris Chiozza,1629185,Quinndary Weatherspoon,1629683,Moses Moody,1630541
0022100771,176,3,12,2,9:09 PM,10:31,,,Moody Free Throw 2 of 2 (8 PTS),34 - 39,5,5,1630541,Moses Moody,1610612744.0,Golden State,Warriors,GSW,0,0,,,,,,0,0,,,,,,1,SAS,GSW,1610612759,1610612744,2022-02-01,2022,GSW,free-throw,,1.0,0,Free Throw 2 of 2,809,0.0,0,1,0,0,0,0,,0,Jakob Poeltl,1627751,Derrick White,1628401,Lonnie Walker IV,1629022,Devin Vassell,1630170,Joshua Primo,1630563,Damion Lee,1627814,Jonathan Kuminga,1630228,Chris Chiozza,1629185,Quinndary Weatherspoon,1629683,Moses Moody,1630541
0022100771,177,2,99,2,9:09 PM,10:17,MISS Poeltl 2' Cutting Finger Roll Layup Shot,,,,,4,1627751,Jakob Poeltl,1610612759.0,San Antonio,Spurs,SAS,0,0,,,,,,0,0,,,,,,1,SAS,GSW,1610612759,1610612744,2022-02-01,2022,SAS,missed_shot,,0.0,0,Cutting Finger Roll Layup Shot,823,14.0,0,0,0,0,0,0,,0,Jakob Poeltl,1627751,Derrick White,1628401,Lonnie Walker IV,1629022,Devin Vassell,1630170,Joshua Primo,1630563,Damion Lee,1627814,Jonathan Kuminga,1630228,Chris Chiozza,1629185,Quinndary Weatherspoon,1629683,Moses Moody,1630541
0022100771,178,4,0,2,9:09 PM,10:15,,,Lee REBOUND (Off:0 Def:1),,,5,1627814,Damion Lee,1610612744.0,Golden State,Warriors,GSW,0,0,,,,,,0,0,,,,,,1,SAS,GSW,1610612759,1610612744,2022-02-01,2022,GSW,rebound,,,0,,825,2.0,0,0,0,1,0,0,,0,Jakob Poeltl,1627751,Derrick White,1628401,Lonnie Walker IV,1629022,Devin Vassell,1630170,Joshua Primo,1630563,Damion Lee,1627814,Jonathan Kuminga,1630228,Chris Chiozza,1629185,Quinndary Weatherspoon,1629683,Moses Moody,1630541
0022100771,179,1,1,2,9:09 PM,9:55,,,Moody 25' 3PT Jump Shot (11 PTS) (Kuminga 2 AST),37 - 39,2,5,1630541,Moses Moody,1610612744.0,Golden State,Warriors,GSW,5,1630228,Jonathan Kuminga,1610612744.0,Golden State,Warriors,GSW,0,0,,,,,,1,SAS,GSW,1610612759,1610612744,2022-02-01,2022,GSW,shot,,1.0,0,Jump Shot,845,20.0,1,3,0,0,0,0,,0,Jakob Poeltl,1627751,Derrick White,1628401,Lonnie Walker IV,1629022,Devin Vassell,1630170,Joshua Primo,1630563,Damion Lee,1627814,Jonathan Kuminga,1630228,Chris Chiozza,1629185,Quinndary Weatherspoon,1629683,Moses Moody,1630541
0022100771,181,1,1,2,9:10 PM,9:40,Primo 24' 3PT Jump Shot (5 PTS) (White 3 AST),,,37 - 42,5,4,1630563,Joshua Primo,1610612759.0,San Antonio,Spurs,SAS,4,1628401,Derrick White,1610612759.0,San Antonio,Spurs,SAS,0,0,,,,,,1,SAS,GSW,1610612759,1610612744,2022-02-01,2022,SAS,shot,,1.0,0,Jump Shot,860,15.0,1,3,0,0,0,0,,0,Jakob Poeltl,1627751,Derrick White,1628401,Lonnie Walker IV,1629022,Devin Vassell,1630170,Joshua Primo,1630563,Damion Lee,1627814,Jonathan Kuminga,1630228,Chris Chiozza,1629185,Quinndary Weatherspoon,1629683,Moses Moody,1630541
0022100771,183,5,2,2,9:10 PM,9:28,Vassell STEAL (2 STL),,Kuminga Lost Ball Turnover (P1.T6),,,5,1630228,Jonathan Kuminga,1610612744.0,Golden State,Warriors,GSW,4,1630170,Devin Vassell,1610612759.0,San Antonio,Spurs,SAS,0,0,,,,,,1,SAS,GSW,1610612759,1610612744,2022-02-01,2022,GSW,turnover,,,0,,872,12.0,0,0,0,0,1,1,,0,Jakob Poeltl,1627751,Derrick White,1628401,Lonnie Walker IV,1629022,Devin Vassell,1630170,Joshua Primo,1630563,Damion Lee,1627814,Jonathan Kuminga,1630228,Chris Chiozza,1629185,Quinndary Weatherspoon,1629683,Moses Moody,1630541
0022100771,185,2,103,2,9:10 PM,9:22,MISS Walker IV 25' 3PT Running Pull-Up Jump Shot,,,,,4,1629022,Lonnie Walker IV,1610612759.0,San Antonio,Spurs,SAS,0,0,,,,,,0,0,,,,,,1,SAS,GSW,1610612759,1610612744,2022-02-01,2022,SAS,missed_shot,,0.0,0,Running Pull-Up Jump Shot,878,6.0,1,0,0,0,0,0,,0,Jakob Poeltl,1627751,Derrick White,1628401,Lonnie Walker IV,1629022,Devin Vassell,1630170,Joshua Primo,1630563,Damion Lee,1627814,Jonathan Kuminga,1630228,Chris Chiozza,1629185,Quinndary Weatherspoon,1629683,Moses Moody,1630541
0022100771,186,4,0,2,9:10 PM,9:20,,,Kuminga REBOUND (Off:0 Def:1),,,5,1630228,Jonathan Kuminga,1610612744.0,Golden State,Warriors,GSW,0,0,,,,,,0,0,,,,,,1,SAS,GSW,1610612759,1610612744,2022-02-01,2022,GSW,rebound,,,0,,880,2.0,0,0,0,1,0,0,,0,Jakob Poeltl,1627751,Derrick White,1628401,Lonnie Walker IV,1629022,Devin Vassell,1630170,Joshua Primo,1630563,Damion Lee,1627814,Jonathan Kuminga,1630228,Chris Chiozza,1629185,Quinndary Weatherspoon,1629683,Moses Moody,1630541
0022100771,187,6,4,2,9:10 PM,9:17,,,Kuminga OFF.Foul (P1) (T.Washington),,,5,1630228,Jonathan Kuminga,1610612744.0,Golden State,Warriors,GSW,4,1627751,Jakob Poeltl,1610612759.0,San Antonio,Spurs,SAS,1,0,,,,,,1,SAS,GSW,1610612759,1610612744,2022-02-01,2022,GSW,foul,,,0,,883,3.0,0,0,0,0,0,0,offensive,0,Jakob Poeltl,1627751,Derrick White,1628401,Lonnie Walker IV,1629022,Devin Vassell,1630170,Joshua Primo,1630563,Damion Lee,1627814,Jonathan Kuminga,1630228,Chris Chiozza,1629185,Quinndary Weatherspoon,1629683,Moses Moody,1630541
0022100771,189,5,37,2,9:10 PM,9:17,,,Kuminga Offensive Foul Turnover (P2.T7),,,5,1630228,Jonathan Kuminga,1610612744.0,Golden State,Warriors,GSW,0,0,,,,,,1,0,,,,,,1,SAS,GSW,1610612759,1610612744,2022-02-01,2022,GSW,turnover,,,0,,883,0.0,0,0,0,0,1,0,,0,Jakob Poeltl,1627751,Derrick White,1628401,Lonnie Walker IV,1629022,Devin Vassell,1630170,Joshua Primo,1630563,Damion Lee,1627814,Jonathan Kuminga,1630228,Chris Chiozza,1629185,Quinndary Weatherspoon,1629683,Moses Moody,1630541
0022100771,190,8,0,2,9:10 PM,9:17,SUB: McDermott FOR Walker IV,,,,,4,1629022,Lonnie Walker IV,1610612759.0,San Antonio,Spurs,SAS,4,203926,Doug McDermott,1610612759.0,San Antonio,Spurs,SAS,0,0,,,,,,0,SAS,GSW,1610612759,1610612744,2022-02-01,2022,SAS,substitution,,,0,,883,0.0,0,0,0,0,0,0,,0,Jakob Poeltl,1627751,Derrick White,1628401,Devin Vassell,1630170,Joshua Primo,1630563,Doug McDermott,203926,Damion Lee,1627814,Jonathan Kuminga,1630228,Chris Chiozza,1629185,Quinndary Weatherspoon,1629683,Moses Moody,1630541
0022100771,192,1,9,2,9:11 PM,9:03,Poeltl 1' Driving Dunk (7 PTS) (McDermott 1 AST),,,37 - 44,7,4,1627751,Jakob Poeltl,1610612759.0,San Antonio,Spurs,SAS,4,203926,Doug McDermott,1610612759.0,San Antonio,Spurs,SAS,0,0,,,,,,1,SAS,GSW,1610612759,1610612744,2022-02-01,2022,SAS,shot,,1.0,0,Driving Dunk Shot,897,14.0,0,2,0,0,0,0,,0,Jakob Poeltl,1627751,Derrick White,1628401,Devin Vassell,1630170,Joshua Primo,1630563,Doug McDermott,203926,Damion Lee,1627814,Jonathan Kuminga,1630228,Chris Chiozza,1629185,Quinndary Weatherspoon,1629683,Moses Moody,1630541
0022100771,194,9,1,2,9:11 PM,9:03,,,Warriors Timeout: Regular (Reg.2 Short 0),,,3,1610612744,,,,,,0,0,,,,,,0,0,,,,,,0,SAS,GSW,1610612759,1610612744,2022-02-01,2022,GSW,team-timeout,,,0,,897,0.0,0,0,0,0,0,0,,0,Jakob Poeltl,1627751,Derrick White,1628401,Devin Vassell,1630170,Joshua Primo,1630563,Doug McDermott,203926,Damion Lee,1627814,Jonathan Kuminga,1630228,Chris Chiozza,1629185,Quinndary Weatherspoon,1629683,Moses Moody,1630541
0022100771,195,5,1,2,9:14 PM,8:39,Poeltl STEAL (1 STL),,Weatherspoon Bad Pass Turnover (P2.T8),,,5,1629683,Quinndary Weatherspoon,1610612744.0,Golden State,Warriors,GSW,4,1627751,Jakob Poeltl,1610612759.0,San Antonio,Spurs,SAS,0,0,,,,,,1,SAS,GSW,1610612759,1610612744,2022-02-01,2022,GSW,turnover,,,0,,921,24.0,0,0,0,0,1,1,,0,Jakob Poeltl,1627751,Derrick White,1628401,Devin Vassell,1630170,Joshua Primo,1630563,Doug McDermott,203926,Damion Lee,1627814,Jonathan Kuminga,1630228,Chris Chiozza,1629185,Quinndary Weatherspoon,1629683,Moses Moody,1630541
0022100771,197,5,1,2,9:14 PM,8:35,White Bad Pass Turnover (P1.T4),,Lee STEAL (2 STL),,,4,1628401,Derrick White,1610612759.0,San Antonio,Spurs,SAS,5,1627814,Damion Lee,1610612744.0,Golden State,Warriors,GSW,0,0,,,,,,1,SAS,GSW,1610612759,1610612744,2022-02-01,2022,SAS,turnover,,,0,,925,4.0,0,0,0,0,1,1,,0,Jakob Poeltl,1627751,Derrick White,1628401,Devin Vassell,1630170,Joshua Primo,1630563,Doug McDermott,203926,Damion Lee,1627814,Jonathan Kuminga,1630228,Chris Chiozza,1629185,Quinndary Weatherspoon,1629683,Moses Moody,1630541
0022100771,199,6,28,2,9:15 PM,8:35,McDermott Personal Take Foul (P2.T4) (M.Lindsay),,,,,4,203926,Doug McDermott,1610612759.0,San Antonio,Spurs,SAS,5,1627814,Damion Lee,1610612744.0,Golden State,Warriors,GSW,1,0,,,,,,1,SAS,GSW,1610612759,1610612744,2022-02-01,2022,SAS,foul,,,0,,925,0.0,0,0,0,0,0,0,shooting block,0,Jakob Poeltl,1627751,Derrick White,1628401,Devin Vassell,1630170,Joshua Primo,1630563,Doug McDermott,203926,Damion Lee,1627814,Jonathan Kuminga,1630228,Chris Chiozza,1629185,Quinndary Weatherspoon,1629683,Moses Moody,1630541
0022100771,201,18,3,2,9:15 PM,8:35,,Instant Replay2nd Period (9:15 PM EST),,37 - 44,7,0,199,Reggie Williams,,,,,0,0,,,,,,1,0,,,,,,0,SAS,GSW,1610612759,1610612744,2022-02-01,2022,GSW,instant-replay,,,0,,925,0.0,0,0,0,0,0,0,,0,Jakob Poeltl,1627751,Derrick White,1628401,Devin Vassell,1630170,Joshua Primo,1630563,Doug McDermott,203926,Damion Lee,1627814,Jonathan Kuminga,1630228,Chris Chiozza,1629185,Quinndary Weatherspoon,1629683,Moses Moody,1630541
0022100771,202,8,0,2,9:16 PM,8:35,,,SUB: Poole FOR Moody,,,5,1630541,Moses Moody,1610612744.0,Golden State,Warriors,GSW,5,1629673,Jordan Poole,1610612744.0,Golden State,Warriors,GSW,0,0,,,,,,0,SAS,GSW,1610612759,1610612744,2022-02-01,2022,GSW,substitution,,,0,,925,0.0,0,0,0,0,0,0,,0,Jakob Poeltl,1627751,Derrick White,1628401,Devin Vassell,1630170,Joshua Primo,1630563,Doug McDermott,203926,Damion Lee,1627814,Jonathan Kuminga,1630228,Chris Chiozza,1629185,Quinndary Weatherspoon,1629683,Jordan Poole,1629673
0022100771,204,2,6,2,9:17 PM,8:18,Poeltl BLOCK (1 BLK),,MISS Kuminga 2' Driving Layup,,,5,1630228,Jonathan Kuminga,1610612744.0,Golden State,Warriors,GSW,0,0,,,,,,4,1627751,Jakob Poeltl,1610612759.0,San Antonio,Spurs,SAS,1,SAS,GSW,1610612759,1610612744,2022-02-01,2022,GSW,missed_shot,,0.0,1,Driving Layup Shot,942,17.0,0,0,0,0,0,0,,0,Jakob Poeltl,1627751,Derrick White,1628401,Devin Vassell,1630170,Joshua Primo,1630563,Doug McDermott,203926,Damion Lee,1627814,Jonathan Kuminga,1630228,Chris Chiozza,1629185,Quinndary Weatherspoon,1629683,Jordan Poole,1629673
0022100771,206,4,0,2,9:17 PM,8:16,Vassell REBOUND (Off:0 Def:1),,,,,4,1630170,Devin Vassell,1610612759.0,San Antonio,Spurs,SAS,0,0,,,,,,0,0,,,,,,1,SAS,GSW,1610612759,1610612744,2022-02-01,2022,SAS,rebound,,,0,,944,2.0,0,0,0,1,0,0,,0,Jakob Poeltl,1627751,Derrick White,1628401,Devin Vassell,1630170,Joshua Primo,1630563,Doug McDermott,203926,Damion Lee,1627814,Jonathan Kuminga,1630228,Chris Chiozza,1629185,Quinndary Weatherspoon,1629683,Jordan Poole,1629673
0022100771,207,6,2,2,9:17 PM,8:16,,,Weatherspoon S.FOUL (P2.T3) (M.Dagher),,,5,1629683,Quinndary Weatherspoon,1610612744.0,Golden State,Warriors,GSW,4,1630170,Devin Vassell,1610612759.0,San Antonio,Spurs,SAS,1,0,,,,,,1,SAS,GSW,1610612759,1610612744,2022-02-01,2022,GSW,foul,,,0,,944,0.0,0,0,0,0,0,0,shooting,0,Jakob Poeltl,1627751,Derrick White,1628401,Devin Vassell,1630170,Joshua Primo,1630563,Doug McDermott,203926,Damion Lee,1627814,Jonathan Kuminga,1630228,Chris Chiozza,1629185,Quinndary Weatherspoon,1629683,Jordan Poole,1629673
0022100771,209,3,11,2,9:17 PM,8:16,Vassell Free Throw 1 of 2 (7 PTS),,,37 - 45,8,4,1630170,Devin Vassell,1610612759.0,San Antonio,Spurs,SAS,0,0,,,,,,0,0,,,,,,1,SAS,GSW,1610612759,1610612744,2022-02-01,2022,SAS,free-throw,,1.0,0,Free Throw 1 of 2,944,0.0,0,1,0,0,0,0,,0,Jakob Poeltl,1627751,Derrick White,1628401,Devin Vassell,1630170,Joshua Primo,1630563,Doug McDermott,203926,Damion Lee,1627814,Jonathan Kuminga,1630228,Chris Chiozza,1629185,Quinndary Weatherspoon,1629683,Jordan Poole,1629673
0022100771,210,8,0,2,9:17 PM,8:16,SUB: Murray FOR White,,,,,4,1628401,Derrick White,1610612759.0,San Antonio,Spurs,SAS,4,1627749,Dejounte Murray,1610612759.0,San Antonio,Spurs,SAS,0,0,,,,,,0,SAS,GSW,1610612759,1610612744,2022-02-01,2022,SAS,substitution,,,0,,944,0.0,0,0,0,0,0,0,,0,Jakob Poeltl,1627751,Devin Vassell,1630170,Joshua Primo,1630563,Doug McDermott,203926,Dejounte Murray,1627749,Damion Lee,1627814,Jonathan Kuminga,1630228,Chris Chiozza,1629185,Quinndary Weatherspoon,1629683,Jordan Poole,1629673
0022100771,212,3,12,2,9:18 PM,8:16,Vassell Free Throw 2 of 2 (8 PTS),,,37 - 46,9,4,1630170,Devin Vassell,1610612759.0,San Antonio,Spurs,SAS,0,0,,,,,,0,0,,,,,,1,SAS,GSW,1610612759,1610612744,2022-02-01,2022,SAS,free-throw,,1.0,0,Free Throw 2 of 2,944,0.0,0,1,0,0,0,0,,0,Jakob Poeltl,1627751,Devin Vassell,1630170,Joshua Primo,1630563,Doug McDermott,203926,Dejounte Murray,1627749,Damion Lee,1627814,Jonathan Kuminga,1630228,Chris Chiozza,1629185,Quinndary Weatherspoon,1629683,Jordan Poole,1629673
0022100771,213,2,6,2,9:18 PM,8:02,,,MISS Poole 5' Driving Layup,,,5,1629673,Jordan Poole,1610612744.0,Golden State,Warriors,GSW,0,0,,,,,,0,0,,,,,,1,SAS,GSW,1610612759,1610612744,2022-02-01,2022,GSW,missed_shot,,0.0,0,Driving Layup Shot,958,14.0,0,0,0,0,0,0,,0,Jakob Poeltl,1627751,Devin Vassell,1630170,Joshua Primo,1630563,Doug McDermott,203926,Dejounte Murray,1627749,Damion Lee,1627814,Jonathan Kuminga,1630228,Chris Chiozza,1629185,Quinndary Weatherspoon,1629683,Jordan Poole,1629673
0022100771,214,4,0,2,9:18 PM,8:00,,,Poole REBOUND (Off:2 Def:2),,,5,1629673,Jordan Poole,1610612744.0,Golden State,Warriors,GSW,0,0,,,,,,0,0,,,,,,1,SAS,GSW,1610612759,1610612744,2022-02-01,2022,GSW,rebound,,,0,,960,2.0,0,0,1,0,0,0,,0,Jakob Poeltl,1627751,Devin Vassell,1630170,Joshua Primo,1630563,Doug McDermott,203926,Dejounte Murray,1627749,Damion Lee,1627814,Jonathan Kuminga,1630228,Chris Chiozza,1629185,Quinndary Weatherspoon,1629683,Jordan Poole,1629673
0022100771,215,1,5,2,9:18 PM,7:53,,,Weatherspoon 3' Layup (4 PTS) (Chiozza 2 AST),39 - 46,7,5,1629683,Quinndary Weatherspoon,1610612744.0,Golden State,Warriors,GSW,5,1629185,Chris Chiozza,1610612744.0,Golden State,Warriors,GSW,0,0,,,,,,1,SAS,GSW,1610612759,1610612744,2022-02-01,2022,GSW,shot,,1.0,0,Layup Shot,967,7.0,0,2,0,0,0,0,,0,Jakob Poeltl,1627751,Devin Vassell,1630170,Joshua Primo,1630563,Doug McDermott,203926,Dejounte Murray,1627749,Damion Lee,1627814,Jonathan Kuminga,1630228,Chris Chiozza,1629185,Quinndary Weatherspoon,1629683,Jordan Poole,1629673
0022100771,217,1,75,2,9:18 PM,7:37,Murray 1' Driving Finger Roll Layup (6 PTS) (Vassell 3 AST),,,39 - 48,9,4,1627749,Dejounte Murray,1610612759.0,San Antonio,Spurs,SAS,4,1630170,Devin Vassell,1610612759.0,San Antonio,Spurs,SAS,0,0,,,,,,1,SAS,GSW,1610612759,1610612744,2022-02-01,2022,SAS,shot,,1.0,0,Driving Finger Roll Layup Shot,983,16.0,0,2,0,0,0,0,,0,Jakob Poeltl,1627751,Devin Vassell,1630170,Joshua Primo,1630563,Doug McDermott,203926,Dejounte Murray,1627749,Damion Lee,1627814,Jonathan Kuminga,1630228,Chris Chiozza,1629185,Quinndary Weatherspoon,1629683,Jordan Poole,1629673
0022100771,219,6,1,2,9:18 PM,7:30,McDermott P.FOUL (P3.PN) (M.Dagher),,,,,4,203926,Doug McDermott,1610612759.0,San Antonio,Spurs,SAS,5,1629673,Jordan Poole,1610612744.0,Golden State,Warriors,GSW,1,0,,,,,,1,SAS,GSW,1610612759,1610612744,2022-02-01,2022,SAS,foul,,,0,,990,7.0,0,0,0,0,0,0,personal,0,Jakob Poeltl,1627751,Devin Vassell,1630170,Joshua Primo,1630563,Doug McDermott,203926,Dejounte Murray,1627749,Damion Lee,1627814,Jonathan Kuminga,1630228,Chris Chiozza,1629185,Quinndary Weatherspoon,1629683,Jordan Poole,1629673
0022100771,221,3,11,2,9:19 PM,7:30,,,Poole Free Throw 1 of 2 (5 PTS),40 - 48,8,5,1629673,Jordan Poole,1610612744.0,Golden State,Warriors,GSW,0,0,,,,,,0,0,,,,,,1,SAS,GSW,1610612759,1610612744,2022-02-01,2022,GSW,free-throw,,1.0,0,Free Throw 1 of 2,990,0.0,0,1,0,0,0,0,,0,Jakob Poeltl,1627751,Devin Vassell,1630170,Joshua Primo,1630563,Doug McDermott,203926,Dejounte Murray,1627749,Damion Lee,1627814,Jonathan Kuminga,1630228,Chris Chiozza,1629185,Quinndary Weatherspoon,1629683,Jordan Poole,1629673
0022100771,222,8,0,2,9:19 PM,7:30,SUB: Johnson FOR Vassell,,,,,4,1630170,Devin Vassell,1610612759.0,San Antonio,Spurs,SAS,4,1629640,Keldon Johnson,1610612759.0,San Antonio,Spurs,SAS,0,0,,,,,,0,SAS,GSW,1610612759,1610612744,2022-02-01,2022,SAS,substitution,,,0,,990,0.0,0,0,0,0,0,0,,0,Jakob Poeltl,1627751,Joshua Primo,1630563,Doug McDermott,203926,Dejounte Murray,1627749,Keldon Johnson,1629640,Damion Lee,1627814,Jonathan Kuminga,1630228,Chris Chiozza,1629185,Quinndary Weatherspoon,1629683,Jordan Poole,1629673
0022100771,223,8,0,2,9:19 PM,7:30,,,SUB: Looney FOR Weatherspoon,,,5,1629683,Quinndary Weatherspoon,1610612744.0,Golden State,Warriors,GSW,5,1626172,Kevon Looney,1610612744.0,Golden State,Warriors,GSW,0,0,,,,,,0,SAS,GSW,1610612759,1610612744,2022-02-01,2022,GSW,substitution,,,0,,990,0.0,0,0,0,0,0,0,,0,Jakob Poeltl,1627751,Joshua Primo,1630563,Doug McDermott,203926,Dejounte Murray,1627749,Keldon Johnson,1629640,Damion Lee,1627814,Jonathan Kuminga,1630228,Chris Chiozza,1629185,Jordan Poole,1629673,Kevon Looney,1626172
0022100771,226,3,12,2,9:19 PM,7:30,,,Poole Free Throw 2 of 2 (6 PTS),41 - 48,7,5,1629673,Jordan Poole,1610612744.0,Golden State,Warriors,GSW,0,0,,,,,,0,0,,,,,,1,SAS,GSW,1610612759,1610612744,2022-02-01,2022,GSW,free-throw,,1.0,0,Free Throw 2 of 2,990,0.0,0,1,0,0,0,0,,0,Jakob Poeltl,1627751,Joshua Primo,1630563,Doug McDermott,203926,Dejounte Murray,1627749,Keldon Johnson,1629640,Damion Lee,1627814,Jonathan Kuminga,1630228,Chris Chiozza,1629185,Jordan Poole,1629673,Kevon Looney,1626172
0022100771,227,2,6,2,9:19 PM,7:20,MISS McDermott 2' Driving Layup,,Kuminga BLOCK (1 BLK),,,4,203926,Doug McDermott,1610612759.0,San Antonio,Spurs,SAS,0,0,,,,,,5,1630228,Jonathan Kuminga,1610612744.0,Golden State,Warriors,GSW,1,SAS,GSW,1610612759,1610612744,2022-02-01,2022,SAS,missed_shot,,0.0,1,Driving Layup Shot,1000,10.0,0,0,0,0,0,0,,0,Jakob Poeltl,1627751,Joshua Primo,1630563,Doug McDermott,203926,Dejounte Murray,1627749,Keldon Johnson,1629640,Damion Lee,1627814,Jonathan Kuminga,1630228,Chris Chiozza,1629185,Jordan Poole,1629673,Kevon Looney,1626172
0022100771,229,4,0,2,9:19 PM,7:20,SPURS Rebound,,,,,2,1610612759,,,,,,0,0,,,,,,0,0,,,,,,0,SAS,GSW,1610612759,1610612744,2022-02-01,2022,SAS,rebound,,,0,,1000,0.0,0,0,0,0,0,0,,0,Jakob Poeltl,1627751,Joshua Primo,1630563,Doug McDermott,203926,Dejounte Murray,1627749,Keldon Johnson,1629640,Damion Lee,1627814,Jonathan Kuminga,1630228,Chris Chiozza,1629185,Jordan Poole,1629673,Kevon Looney,1626172
0022100771,230,6,3,2,9:20 PM,7:20,,,Kuminga L.B.FOUL (P2.T4) (M.Dagher),,,5,1630228,Jonathan Kuminga,1610612744.0,Golden State,Warriors,GSW,4,203926,Doug McDermott,1610612759.0,San Antonio,Spurs,SAS,1,0,,,,,,1,SAS,GSW,1610612759,1610612744,2022-02-01,2022,GSW,foul,,,0,,1000,0.0,0,0,0,0,0,0,loose ball,0,Jakob Poeltl,1627751,Joshua Primo,1630563,Doug McDermott,203926,Dejounte Murray,1627749,Keldon Johnson,1629640,Damion Lee,1627814,Jonathan Kuminga,1630228,Chris Chiozza,1629185,Jordan Poole,1629673,Kevon Looney,1626172
0022100771,232,8,0,2,9:20 PM,7:20,SUB: Landale FOR Poeltl,,,,,4,1627751,Jakob Poeltl,1610612759.0,San Antonio,Spurs,SAS,4,1629111,Jock Landale,1610612759.0,San Antonio,Spurs,SAS,0,0,,,,,,0,SAS,GSW,1610612759,1610612744,2022-02-01,2022,SAS,substitution,,,0,,1000,0.0,0,0,0,0,0,0,,0,Joshua Primo,1630563,Doug McDermott,203926,Dejounte Murray,1627749,Keldon Johnson,1629640,Jock Landale,1629111,Damion Lee,1627814,Jonathan Kuminga,1630228,Chris Chiozza,1629185,Jordan Poole,1629673,Kevon Looney,1626172
0022100771,234,5,1,2,9:20 PM,7:13,Murray Bad Pass Turnover (P2.T5),,Looney STEAL (1 STL),,,4,1627749,Dejounte Murray,1610612759.0,San Antonio,Spurs,SAS,5,1626172,Kevon Looney,1610612744.0,Golden State,Warriors,GSW,0,0,,,,,,1,SAS,GSW,1610612759,1610612744,2022-02-01,2022,SAS,turnover,,,0,,1007,7.0,0,0,0,0,1,1,,0,Joshua Primo,1630563,Doug McDermott,203926,Dejounte Murray,1627749,Keldon Johnson,1629640,Jock Landale,1629111,Damion Lee,1627814,Jonathan Kuminga,1630228,Chris Chiozza,1629185,Jordan Poole,1629673,Kevon Looney,1626172
0022100771,236,2,6,2,9:20 PM,7:01,,,MISS Poole 1' Driving Layup,,,5,1629673,Jordan Poole,1610612744.0,Golden State,Warriors,GSW,0,0,,,,,,0,0,,,,,,1,SAS,GSW,1610612759,1610612744,2022-02-01,2022,GSW,missed_shot,,0.0,0,Driving Layup Shot,1019,12.0,0,0,0,0,0,0,,0,Joshua Primo,1630563,Doug McDermott,203926,Dejounte Murray,1627749,Keldon Johnson,1629640,Jock Landale,1629111,Damion Lee,1627814,Jonathan Kuminga,1630228,Chris Chiozza,1629185,Jordan Poole,1629673,Kevon Looney,1626172
0022100771,237,4,0,2,9:20 PM,7:00,,,Looney REBOUND (Off:2 Def:3),,,5,1626172,Kevon Looney,1610612744.0,Golden State,Warriors,GSW,0,0,,,,,,0,0,,,,,,1,SAS,GSW,1610612759,1610612744,2022-02-01,2022,GSW,rebound,,,0,,1020,1.0,0,0,1,0,0,0,,0,Joshua Primo,1630563,Doug McDermott,203926,Dejounte Murray,1627749,Keldon Johnson,1629640,Jock Landale,1629111,Damion Lee,1627814,Jonathan Kuminga,1630228,Chris Chiozza,1629185,Jordan Poole,1629673,Kevon Looney,1626172
0022100771,238,1,97,2,9:20 PM,7:00,,,Looney Tip Layup Shot (6 PTS),43 - 48,5,5,1626172,Kevon Looney,1610612744.0,Golden State,Warriors,GSW,0,0,,,,,,0,0,,,,,,1,SAS,GSW,1610612759,1610612744,2022-02-01,2022,GSW,shot,,1.0,0,Tip Layup Shot,1020,0.0,0,2,0,0,0,0,,1,Joshua Primo,1630563,Doug McDermott,203926,Dejounte Murray,1627749,Keldon Johnson,1629640,Jock Landale,1629111,Damion Lee,1627814,Jonathan Kuminga,1630228,Chris Chiozza,1629185,Jordan Poole,1629673,Kevon Looney,1626172
0022100771,239,9,1,2,9:20 PM,7:00,SPURS Timeout: Regular (Full 2 Short 0),,,,,2,1610612759,,,,,,0,0,,,,,,0,0,,,,,,0,SAS,GSW,1610612759,1610612744,2022-02-01,2022,SAS,team-timeout,,,0,,1020,0.0,0,0,0,0,0,0,,0,Joshua Primo,1630563,Doug McDermott,203926,Dejounte Murray,1627749,Keldon Johnson,1629640,Jock Landale,1629111,Damion Lee,1627814,Jonathan Kuminga,1630228,Chris Chiozza,1629185,Jordan Poole,1629673,Kevon Looney,1626172
0022100771,240,1,1,2,9:23 PM,6:47,Murray 3PT Jump Shot (9 PTS) (Primo 2 AST),,,43 - 51,8,4,1627749,Dejounte Murray,1610612759.0,San Antonio,Spurs,SAS,4,1630563,Joshua Primo,1610612759.0,San Antonio,Spurs,SAS,0,0,,,,,,1,SAS,GSW,1610612759,1610612744,2022-02-01,2022,SAS,shot,,1.0,0,Jump Shot,1033,13.0,1,3,0,0,0,0,,0,Joshua Primo,1630563,Doug McDermott,203926,Dejounte Murray,1627749,Keldon Johnson,1629640,Jock Landale,1629111,Damion Lee,1627814,Jonathan Kuminga,1630228,Chris Chiozza,1629185,Jordan Poole,1629673,Kevon Looney,1626172
0022100771,242,1,73,2,9:24 PM,6:34,,,Poole 2' Driving Reverse Layup (8 PTS),45 - 51,6,5,1629673,Jordan Poole,1610612744.0,Golden State,Warriors,GSW,0,0,,,,,,0,0,,,,,,1,SAS,GSW,1610612759,1610612744,2022-02-01,2022,GSW,shot,,1.0,0,Driving Reverse Layup Shot,1046,13.0,0,2,0,0,0,0,,0,Joshua Primo,1630563,Doug McDermott,203926,Dejounte Murray,1627749,Keldon Johnson,1629640,Jock Landale,1629111,Damion Lee,1627814,Jonathan Kuminga,1630228,Chris Chiozza,1629185,Jordan Poole,1629673,Kevon Looney,1626172
0022100771,243,6,2,2,9:24 PM,6:34,Landale S.FOUL (P1.PN) (M.Dagher),,,,,4,1629111,Jock Landale,1610612759.0,San Antonio,Spurs,SAS,5,1629673,Jordan Poole,1610612744.0,Golden State,Warriors,GSW,1,0,,,,,,1,SAS,GSW,1610612759,1610612744,2022-02-01,2022,SAS,foul,,,0,,1046,0.0,0,0,0,0,0,0,shooting,0,Joshua Primo,1630563,Doug McDermott,203926,Dejounte Murray,1627749,Keldon Johnson,1629640,Jock Landale,1629111,Damion Lee,1627814,Jonathan Kuminga,1630228,Chris Chiozza,1629185,Jordan Poole,1629673,Kevon Looney,1626172
0022100771,245,3,10,2,9:24 PM,6:34,,,Poole Free Throw 1 of 1 (9 PTS),46 - 51,5,5,1629673,Jordan Poole,1610612744.0,Golden State,Warriors,GSW,0,0,,,,,,0,0,,,,,,1,SAS,GSW,1610612759,1610612744,2022-02-01,2022,GSW,free-throw,,1.0,0,Free Throw 1 of 1,1046,0.0,0,1,0,0,0,0,,0,Joshua Primo,1630563,Doug McDermott,203926,Dejounte Murray,1627749,Keldon Johnson,1629640,Jock Landale,1629111,Damion Lee,1627814,Jonathan Kuminga,1630228,Chris Chiozza,1629185,Jordan Poole,1629673,Kevon Looney,1626172
0022100771,246,1,1,2,9:25 PM,6:16,Johnson 25' 3PT Jump Shot (7 PTS) (Murray 4 AST),,,46 - 54,8,4,1629640,Keldon Johnson,1610612759.0,San Antonio,Spurs,SAS,4,1627749,Dejounte Murray,1610612759.0,San Antonio,Spurs,SAS,0,0,,,,,,1,SAS,GSW,1610612759,1610612744,2022-02-01,2022,SAS,shot,,1.0,0,Jump Shot,1064,18.0,1,3,0,0,0,0,,0,Joshua Primo,1630563,Doug McDermott,203926,Dejounte Murray,1627749,Keldon Johnson,1629640,Jock Landale,1629111,Damion Lee,1627814,Jonathan Kuminga,1630228,Chris Chiozza,1629185,Jordan Poole,1629673,Kevon Looney,1626172
0022100771,248,9,1,2,9:25 PM,6:07,,,Warriors Timeout: Regular (Reg.3 Short 0),,,3,1610612744,,,,,,0,0,,,,,,0,0,,,,,,0,SAS,GSW,1610612759,1610612744,2022-02-01,2022,GSW,team-timeout,,,0,,1073,9.0,0,0,0,0,0,0,,0,Joshua Primo,1630563,Doug McDermott,203926,Dejounte Murray,1627749,Keldon Johnson,1629640,Jock Landale,1629111,Damion Lee,1627814,Jonathan Kuminga,1630228,Chris Chiozza,1629185,Jordan Poole,1629673,Kevon Looney,1626172
0022100771,249,8,0,2,9:26 PM,6:07,SUB: Vassell FOR Primo,,,,,4,1630563,Joshua Primo,1610612759.0,San Antonio,Spurs,SAS,4,1630170,Devin Vassell,1610612759.0,San Antonio,Spurs,SAS,0,0,,,,,,0,SAS,GSW,1610612759,1610612744,2022-02-01,2022,SAS,substitution,,,0,,1073,0.0,0,0,0,0,0,0,,0,Doug McDermott,203926,Dejounte Murray,1627749,Keldon Johnson,1629640,Jock Landale,1629111,Devin Vassell,1630170,Damion Lee,1627814,Jonathan Kuminga,1630228,Chris Chiozza,1629185,Jordan Poole,1629673,Kevon Looney,1626172
0022100771,250,8,0,2,9:26 PM,6:07,SUB: Walker IV FOR McDermott,,,,,4,203926,Doug McDermott,1610612759.0,San Antonio,Spurs,SAS,4,1629022,Lonnie Walker IV,1610612759.0,San Antonio,Spurs,SAS,0,0,,,,,,0,SAS,GSW,1610612759,1610612744,2022-02-01,2022,SAS,substitution,,,0,,1073,0.0,0,0,0,0,0,0,,0,Dejounte Murray,1627749,Keldon Johnson,1629640,Jock Landale,1629111,Devin Vassell,1630170,Lonnie Walker IV,1629022,Damion Lee,1627814,Jonathan Kuminga,1630228,Chris Chiozza,1629185,Jordan Poole,1629673,Kevon Looney,1626172
0022100771,253,1,5,2,9:28 PM,5:51,,,Looney 2' Layup (8 PTS),48 - 54,6,5,1626172,Kevon Looney,1610612744.0,Golden State,Warriors,GSW,0,0,,,,,,0,0,,,,,,1,SAS,GSW,1610612759,1610612744,2022-02-01,2022,GSW,shot,,1.0,0,Layup Shot,1089,16.0,0,2,0,0,0,0,,0,Dejounte Murray,1627749,Keldon Johnson,1629640,Jock Landale,1629111,Devin Vassell,1630170,Lonnie Walker IV,1629022,Damion Lee,1627814,Jonathan Kuminga,1630228,Chris Chiozza,1629185,Jordan Poole,1629673,Kevon Looney,1626172
0022100771,254,5,6,2,9:28 PM,5:34,Johnson Double Dribble Turnover (P1.T6),,,,,4,1629640,Keldon Johnson,1610612759.0,San Antonio,Spurs,SAS,0,0,,,,,,1,0,,,,,,1,SAS,GSW,1610612759,1610612744,2022-02-01,2022,SAS,turnover,,,0,,1106,17.0,0,0,0,0,1,0,,0,Dejounte Murray,1627749,Keldon Johnson,1629640,Jock Landale,1629111,Devin Vassell,1630170,Lonnie Walker IV,1629022,Damion Lee,1627814,Jonathan Kuminga,1630228,Chris Chiozza,1629185,Jordan Poole,1629673,Kevon Looney,1626172
0022100771,255,2,102,2,9:28 PM,5:23,,,MISS Poole 4' Driving Floating Bank Jump Shot,,,5,1629673,Jordan Poole,1610612744.0,Golden State,Warriors,GSW,0,0,,,,,,0,0,,,,,,1,SAS,GSW,1610612759,1610612744,2022-02-01,2022,GSW,missed_shot,,0.0,0,Driving Floating Bank Jump Shot,1117,11.0,0,0,0,0,0,0,,0,Dejounte Murray,1627749,Keldon Johnson,1629640,Jock Landale,1629111,Devin Vassell,1630170,Lonnie Walker IV,1629022,Damion Lee,1627814,Jonathan Kuminga,1630228,Chris Chiozza,1629185,Jordan Poole,1629673,Kevon Looney,1626172
0022100771,257,2,72,2,9:28 PM,5:18,Murray BLOCK (1 BLK),,MISS Looney Putback Layup,,,5,1626172,Kevon Looney,1610612744.0,Golden State,Warriors,GSW,0,0,,,,,,4,1627749,Dejounte Murray,1610612759.0,San Antonio,Spurs,SAS,1,SAS,GSW,1610612759,1610612744,2022-02-01,2022,GSW,missed_shot,,0.0,1,Putback Layup Shot,1122,5.0,0,0,0,0,0,0,,0,Dejounte Murray,1627749,Keldon Johnson,1629640,Jock Landale,1629111,Devin Vassell,1630170,Lonnie Walker IV,1629022,Damion Lee,1627814,Jonathan Kuminga,1630228,Chris Chiozza,1629185,Jordan Poole,1629673,Kevon Looney,1626172
0022100771,259,4,0,2,9:28 PM,5:18,,,Poole REBOUND (Off:3 Def:2),,,5,1629673,Jordan Poole,1610612744.0,Golden State,Warriors,GSW,0,0,,,,,,0,0,,,,,,1,SAS,GSW,1610612759,1610612744,2022-02-01,2022,GSW,rebound,,,0,,1122,0.0,0,0,1,0,0,0,,0,Dejounte Murray,1627749,Keldon Johnson,1629640,Jock Landale,1629111,Devin Vassell,1630170,Lonnie Walker IV,1629022,Damion Lee,1627814,Jonathan Kuminga,1630228,Chris Chiozza,1629185,Jordan Poole,1629673,Kevon Looney,1626172
0022100771,256,4,0,2,9:28 PM,5:18,,,Looney REBOUND (Off:3 Def:3),,,5,1626172,Kevon Looney,1610612744.0,Golden State,Warriors,GSW,0,0,,,,,,0,0,,,,,,1,SAS,GSW,1610612759,1610612744,2022-02-01,2022,GSW,rebound,,,0,,1122,0.0,0,0,1,0,0,0,,1,Dejounte Murray,1627749,Keldon Johnson,1629640,Jock Landale,1629111,Devin Vassell,1630170,Lonnie Walker IV,1629022,Damion Lee,1627814,Jonathan Kuminga,1630228,Chris Chiozza,1629185,Jordan Poole,1629673,Kevon Looney,1626172
0022100771,260,2,1,2,9:28 PM,5:15,,,MISS Lee 25' 3PT Jump Shot,,,5,1627814,Damion Lee,1610612744.0,Golden State,Warriors,GSW,0,0,,,,,,0,0,,,,,,1,SAS,GSW,1610612759,1610612744,2022-02-01,2022,GSW,missed_shot,,0.0,0,Jump Shot,1125,3.0,1,0,0,0,0,0,,1,Dejounte Murray,1627749,Keldon Johnson,1629640,Jock Landale,1629111,Devin Vassell,1630170,Lonnie Walker IV,1629022,Damion Lee,1627814,Jonathan Kuminga,1630228,Chris Chiozza,1629185,Jordan Poole,1629673,Kevon Looney,1626172
0022100771,261,4,0,2,9:29 PM,5:13,Walker IV REBOUND (Off:0 Def:1),,,,,4,1629022,Lonnie Walker IV,1610612759.0,San Antonio,Spurs,SAS,0,0,,,,,,0,0,,,,,,1,SAS,GSW,1610612759,1610612744,2022-02-01,2022,SAS,rebound,,,0,,1127,2.0,0,0,0,1,0,0,,0,Dejounte Murray,1627749,Keldon Johnson,1629640,Jock Landale,1629111,Devin Vassell,1630170,Lonnie Walker IV,1629022,Damion Lee,1627814,Jonathan Kuminga,1630228,Chris Chiozza,1629185,Jordan Poole,1629673,Kevon Looney,1626172
0022100771,262,1,101,2,9:29 PM,5:06,Johnson 5' Driving Floating Jump Shot (9 PTS) (Vassell 4 AST),,,48 - 56,8,4,1629640,Keldon Johnson,1610612759.0,San Antonio,Spurs,SAS,4,1630170,Devin Vassell,1610612759.0,San Antonio,Spurs,SAS,0,0,,,,,,1,SAS,GSW,1610612759,1610612744,2022-02-01,2022,SAS,shot,,1.0,0,Driving Floating Jump Shot,1134,7.0,0,2,0,0,0,0,,0,Dejounte Murray,1627749,Keldon Johnson,1629640,Jock Landale,1629111,Devin Vassell,1630170,Lonnie Walker IV,1629022,Damion Lee,1627814,Jonathan Kuminga,1630228,Chris Chiozza,1629185,Jordan Poole,1629673,Kevon Looney,1626172
0022100771,264,5,2,2,9:29 PM,4:47,Walker IV STEAL (1 STL),,Looney Lost Ball Turnover (P2.T9),,,5,1626172,Kevon Looney,1610612744.0,Golden State,Warriors,GSW,4,1629022,Lonnie Walker IV,1610612759.0,San Antonio,Spurs,SAS,0,0,,,,,,1,SAS,GSW,1610612759,1610612744,2022-02-01,2022,GSW,turnover,,,0,,1153,19.0,0,0,0,0,1,1,,0,Dejounte Murray,1627749,Keldon Johnson,1629640,Jock Landale,1629111,Devin Vassell,1630170,Lonnie Walker IV,1629022,Damion Lee,1627814,Jonathan Kuminga,1630228,Chris Chiozza,1629185,Jordan Poole,1629673,Kevon Looney,1626172
0022100771,266,2,2,2,9:29 PM,4:43,MISS Walker IV 25' 3PT Running Jump Shot,,,,,4,1629022,Lonnie Walker IV,1610612759.0,San Antonio,Spurs,SAS,0,0,,,,,,0,0,,,,,,1,SAS,GSW,1610612759,1610612744,2022-02-01,2022,SAS,missed_shot,,0.0,0,Running Jump Shot,1157,4.0,1,0,0,0,0,0,,0,Dejounte Murray,1627749,Keldon Johnson,1629640,Jock Landale,1629111,Devin Vassell,1630170,Lonnie Walker IV,1629022,Damion Lee,1627814,Jonathan Kuminga,1630228,Chris Chiozza,1629185,Jordan Poole,1629673,Kevon Looney,1626172
0022100771,267,4,0,2,9:29 PM,4:41,Landale REBOUND (Off:1 Def:0),,,,,4,1629111,Jock Landale,1610612759.0,San Antonio,Spurs,SAS,0,0,,,,,,0,0,,,,,,1,SAS,GSW,1610612759,1610612744,2022-02-01,2022,SAS,rebound,,,0,,1159,2.0,0,0,1,0,0,0,,0,Dejounte Murray,1627749,Keldon Johnson,1629640,Jock Landale,1629111,Devin Vassell,1630170,Lonnie Walker IV,1629022,Damion Lee,1627814,Jonathan Kuminga,1630228,Chris Chiozza,1629185,Jordan Poole,1629673,Kevon Looney,1626172
0022100771,268,1,72,2,9:29 PM,4:39,Landale Putback Layup (2 PTS),,,48 - 58,10,4,1629111,Jock Landale,1610612759.0,San Antonio,Spurs,SAS,0,0,,,,,,0,0,,,,,,1,SAS,GSW,1610612759,1610612744,2022-02-01,2022,SAS,shot,,1.0,0,Putback Layup Shot,1161,2.0,0,2,0,0,0,0,,1,Dejounte Murray,1627749,Keldon Johnson,1629640,Jock Landale,1629111,Devin Vassell,1630170,Lonnie Walker IV,1629022,Damion Lee,1627814,Jonathan Kuminga,1630228,Chris Chiozza,1629185,Jordan Poole,1629673,Kevon Looney,1626172
0022100771,269,2,79,2,9:29 PM,4:20,,,MISS Lee 18' Pullup Jump Shot,,,5,1627814,Damion Lee,1610612744.0,Golden State,Warriors,GSW,0,0,,,,,,0,0,,,,,,1,SAS,GSW,1610612759,1610612744,2022-02-01,2022,GSW,missed_shot,,0.0,0,Pullup Jump shot,1180,19.0,0,0,0,0,0,0,,0,Dejounte Murray,1627749,Keldon Johnson,1629640,Jock Landale,1629111,Devin Vassell,1630170,Lonnie Walker IV,1629022,Damion Lee,1627814,Jonathan Kuminga,1630228,Chris Chiozza,1629185,Jordan Poole,1629673,Kevon Looney,1626172
0022100771,270,4,0,2,9:29 PM,4:15,,,Looney REBOUND (Off:4 Def:3),,,5,1626172,Kevon Looney,1610612744.0,Golden State,Warriors,GSW,0,0,,,,,,0,0,,,,,,1,SAS,GSW,1610612759,1610612744,2022-02-01,2022,GSW,rebound,,,0,,1185,5.0,0,0,1,0,0,0,,0,Dejounte Murray,1627749,Keldon Johnson,1629640,Jock Landale,1629111,Devin Vassell,1630170,Lonnie Walker IV,1629022,Damion Lee,1627814,Jonathan Kuminga,1630228,Chris Chiozza,1629185,Jordan Poole,1629673,Kevon Looney,1626172
0022100771,271,1,1,2,9:29 PM,4:13,,,Chiozza 24' 3PT Jump Shot (3 PTS) (Kuminga 3 AST),51 - 58,7,5,1629185,Chris Chiozza,1610612744.0,Golden State,Warriors,GSW,5,1630228,Jonathan Kuminga,1610612744.0,Golden State,Warriors,GSW,0,0,,,,,,1,SAS,GSW,1610612759,1610612744,2022-02-01,2022,GSW,shot,,1.0,0,Jump Shot,1187,2.0,1,3,0,0,0,0,,1,Dejounte Murray,1627749,Keldon Johnson,1629640,Jock Landale,1629111,Devin Vassell,1630170,Lonnie Walker IV,1629022,Damion Lee,1627814,Jonathan Kuminga,1630228,Chris Chiozza,1629185,Jordan Poole,1629673,Kevon Looney,1626172
0022100771,273,1,101,2,9:30 PM,4:01,Murray 6' Driving Floating Jump Shot (11 PTS),,,51 - 60,9,4,1627749,Dejounte Murray,1610612759.0,San Antonio,Spurs,SAS,0,0,,,,,,0,0,,,,,,1,SAS,GSW,1610612759,1610612744,2022-02-01,2022,SAS,shot,,1.0,0,Driving Floating Jump Shot,1199,12.0,0,2,0,0,0,0,,0,Dejounte Murray,1627749,Keldon Johnson,1629640,Jock Landale,1629111,Devin Vassell,1630170,Lonnie Walker IV,1629022,Damion Lee,1627814,Jonathan Kuminga,1630228,Chris Chiozza,1629185,Jordan Poole,1629673,Kevon Looney,1626172
0022100771,274,1,1,2,9:30 PM,3:47,,,Poole 25' 3PT Jump Shot (12 PTS) (Looney 2 AST),54 - 60,6,5,1629673,Jordan Poole,1610612744.0,Golden State,Warriors,GSW,5,1626172,Kevon Looney,1610612744.0,Golden State,Warriors,GSW,0,0,,,,,,1,SAS,GSW,1610612759,1610612744,2022-02-01,2022,GSW,shot,,1.0,0,Jump Shot,1213,14.0,1,3,0,0,0,0,,0,Dejounte Murray,1627749,Keldon Johnson,1629640,Jock Landale,1629111,Devin Vassell,1630170,Lonnie Walker IV,1629022,Damion Lee,1627814,Jonathan Kuminga,1630228,Chris Chiozza,1629185,Jordan Poole,1629673,Kevon Looney,1626172
0022100771,276,2,1,2,9:30 PM,3:34,MISS Landale 25' 3PT Jump Shot,,,,,4,1629111,Jock Landale,1610612759.0,San Antonio,Spurs,SAS,0,0,,,,,,0,0,,,,,,1,SAS,GSW,1610612759,1610612744,2022-02-01,2022,SAS,missed_shot,,0.0,0,Jump Shot,1226,13.0,1,0,0,0,0,0,,0,Dejounte Murray,1627749,Keldon Johnson,1629640,Jock Landale,1629111,Devin Vassell,1630170,Lonnie Walker IV,1629022,Damion Lee,1627814,Jonathan Kuminga,1630228,Chris Chiozza,1629185,Jordan Poole,1629673,Kevon Looney,1626172
0022100771,277,4,0,2,9:30 PM,3:29,,,Lee REBOUND (Off:0 Def:2),,,5,1627814,Damion Lee,1610612744.0,Golden State,Warriors,GSW,0,0,,,,,,0,0,,,,,,1,SAS,GSW,1610612759,1610612744,2022-02-01,2022,GSW,rebound,,,0,,1231,5.0,0,0,0,1,0,0,,0,Dejounte Murray,1627749,Keldon Johnson,1629640,Jock Landale,1629111,Devin Vassell,1630170,Lonnie Walker IV,1629022,Damion Lee,1627814,Jonathan Kuminga,1630228,Chris Chiozza,1629185,Jordan Poole,1629673,Kevon Looney,1626172
0022100771,278,5,39,2,9:30 PM,3:25,,,Lee Step Out of Bounds Turnover (P1.T10),,,5,1627814,Damion Lee,1610612744.0,Golden State,Warriors,GSW,0,0,,,,,,1,0,,,,,,1,SAS,GSW,1610612759,1610612744,2022-02-01,2022,GSW,turnover,,,0,,1235,4.0,0,0,0,0,1,0,,0,Dejounte Murray,1627749,Keldon Johnson,1629640,Jock Landale,1629111,Devin Vassell,1630170,Lonnie Walker IV,1629022,Damion Lee,1627814,Jonathan Kuminga,1630228,Chris Chiozza,1629185,Jordan Poole,1629673,Kevon Looney,1626172
0022100771,279,8,0,2,9:30 PM,3:25,SUB: White FOR Landale,,,,,4,1629111,Jock Landale,1610612759.0,San Antonio,Spurs,SAS,4,1628401,Derrick White,1610612759.0,San Antonio,Spurs,SAS,0,0,,,,,,0,SAS,GSW,1610612759,1610612744,2022-02-01,2022,SAS,substitution,,,0,,1235,0.0,0,0,0,0,0,0,,0,Dejounte Murray,1627749,Keldon Johnson,1629640,Devin Vassell,1630170,Lonnie Walker IV,1629022,Derrick White,1628401,Damion Lee,1627814,Jonathan Kuminga,1630228,Chris Chiozza,1629185,Jordan Poole,1629673,Kevon Looney,1626172
0022100771,280,8,0,2,9:30 PM,3:25,,,SUB: Toscano-Anderson FOR Kuminga,,,5,1630228,Jonathan Kuminga,1610612744.0,Golden State,Warriors,GSW,5,1629308,Juan Toscano-Anderson,1610612744.0,Golden State,Warriors,GSW,0,0,,,,,,0,SAS,GSW,1610612759,1610612744,2022-02-01,2022,GSW,substitution,,,0,,1235,0.0,0,0,0,0,0,0,,0,Dejounte Murray,1627749,Keldon Johnson,1629640,Devin Vassell,1630170,Lonnie Walker IV,1629022,Derrick White,1628401,Damion Lee,1627814,Chris Chiozza,1629185,Jordan Poole,1629673,Kevon Looney,1626172,Juan Toscano-Anderson,1629308
0022100771,281,8,0,2,9:30 PM,3:25,,,SUB: Moody FOR Chiozza,,,5,1629185,Chris Chiozza,1610612744.0,Golden State,Warriors,GSW,5,1630541,Moses Moody,1610612744.0,Golden State,Warriors,GSW,0,0,,,,,,0,SAS,GSW,1610612759,1610612744,2022-02-01,2022,GSW,substitution,,,0,,1235,0.0,0,0,0,0,0,0,,0,Dejounte Murray,1627749,Keldon Johnson,1629640,Devin Vassell,1630170,Lonnie Walker IV,1629022,Derrick White,1628401,Damion Lee,1627814,Jordan Poole,1629673,Kevon Looney,1626172,Juan Toscano-Anderson,1629308,Moses Moody,1630541
0022100771,285,2,98,2,9:31 PM,3:15,MISS Vassell 3' Cutting Layup Shot,,,,,4,1630170,Devin Vassell,1610612759.0,San Antonio,Spurs,SAS,0,0,,,,,,0,0,,,,,,1,SAS,GSW,1610612759,1610612744,2022-02-01,2022,SAS,missed_shot,,0.0,0,Cutting Layup Shot,1245,10.0,0,0,0,0,0,0,,0,Dejounte Murray,1627749,Keldon Johnson,1629640,Devin Vassell,1630170,Lonnie Walker IV,1629022,Derrick White,1628401,Damion Lee,1627814,Jordan Poole,1629673,Kevon Looney,1626172,Juan Toscano-Anderson,1629308,Moses Moody,1630541
0022100771,286,4,0,2,9:31 PM,3:12,,,Looney REBOUND (Off:4 Def:4),,,5,1626172,Kevon Looney,1610612744.0,Golden State,Warriors,GSW,0,0,,,,,,0,0,,,,,,1,SAS,GSW,1610612759,1610612744,2022-02-01,2022,GSW,rebound,,,0,,1248,3.0,0,0,0,1,0,0,,0,Dejounte Murray,1627749,Keldon Johnson,1629640,Devin Vassell,1630170,Lonnie Walker IV,1629022,Derrick White,1628401,Damion Lee,1627814,Jordan Poole,1629673,Kevon Looney,1626172,Juan Toscano-Anderson,1629308,Moses Moody,1630541
0022100771,287,5,45,2,9:31 PM,2:55,,,Toscano-Anderson Out of Bounds - Bad Pass Turnover Turnover (P1.T11),,,5,1629308,Juan Toscano-Anderson,1610612744.0,Golden State,Warriors,GSW,0,0,,,,,,1,0,,,,,,1,SAS,GSW,1610612759,1610612744,2022-02-01,2022,GSW,turnover,,,0,,1265,17.0,0,0,0,0,1,0,,0,Dejounte Murray,1627749,Keldon Johnson,1629640,Devin Vassell,1630170,Lonnie Walker IV,1629022,Derrick White,1628401,Damion Lee,1627814,Jordan Poole,1629673,Kevon Looney,1626172,Juan Toscano-Anderson,1629308,Moses Moody,1630541
0022100771,288,6,2,2,9:32 PM,2:44,,,Looney S.FOUL (P1.PN) (M.Dagher),,,5,1626172,Kevon Looney,1610612744.0,Golden State,Warriors,GSW,4,1629640,Keldon Johnson,1610612759.0,San Antonio,Spurs,SAS,1,0,,,,,,1,SAS,GSW,1610612759,1610612744,2022-02-01,2022,GSW,foul,,,0,,1276,11.0,0,0,0,0,0,0,shooting,0,Dejounte Murray,1627749,Keldon Johnson,1629640,Devin Vassell,1630170,Lonnie Walker IV,1629022,Derrick White,1628401,Damion Lee,1627814,Jordan Poole,1629673,Kevon Looney,1626172,Juan Toscano-Anderson,1629308,Moses Moody,1630541
0022100771,291,3,11,2,9:32 PM,2:44,MISS Johnson Free Throw 1 of 2,,,,,4,1629640,Keldon Johnson,1610612759.0,San Antonio,Spurs,SAS,0,0,,,,,,0,0,,,,,,1,SAS,GSW,1610612759,1610612744,2022-02-01,2022,SAS,free-throw,,0.0,0,Free Throw 1 of 2,1276,0.0,0,0,0,0,0,0,,0,Dejounte Murray,1627749,Keldon Johnson,1629640,Devin Vassell,1630170,Lonnie Walker IV,1629022,Derrick White,1628401,Damion Lee,1627814,Jordan Poole,1629673,Kevon Looney,1626172,Juan Toscano-Anderson,1629308,Moses Moody,1630541
0022100771,292,4,1,2,9:32 PM,2:44,SPURS Rebound,,,,,2,1610612759,,,,,,0,0,,,,,,0,0,,,,,,0,SAS,GSW,1610612759,1610612744,2022-02-01,2022,SAS,rebound,,,0,,1276,0.0,0,0,0,0,0,0,,0,Dejounte Murray,1627749,Keldon Johnson,1629640,Devin Vassell,1630170,Lonnie Walker IV,1629022,Derrick White,1628401,Damion Lee,1627814,Jordan Poole,1629673,Kevon Looney,1626172,Juan Toscano-Anderson,1629308,Moses Moody,1630541
0022100771,293,3,12,2,9:32 PM,2:44,MISS Johnson Free Throw 2 of 2,,,,,4,1629640,Keldon Johnson,1610612759.0,San Antonio,Spurs,SAS,0,0,,,,,,0,0,,,,,,1,SAS,GSW,1610612759,1610612744,2022-02-01,2022,SAS,free-throw,,0.0,0,Free Throw 2 of 2,1276,0.0,0,0,0,0,0,0,,0,Dejounte Murray,1627749,Keldon Johnson,1629640,Devin Vassell,1630170,Lonnie Walker IV,1629022,Derrick White,1628401,Damion Lee,1627814,Jordan Poole,1629673,Kevon Looney,1626172,Juan Toscano-Anderson,1629308,Moses Moody,1630541
0022100771,294,4,0,2,9:33 PM,2:25,,,Moody REBOUND (Off:0 Def:3),,,5,1630541,Moses Moody,1610612744.0,Golden State,Warriors,GSW,0,0,,,,,,0,0,,,,,,1,SAS,GSW,1610612759,1610612744,2022-02-01,2022,GSW,rebound,,,0,,1295,19.0,0,0,0,1,0,0,,0,Dejounte Murray,1627749,Keldon Johnson,1629640,Devin Vassell,1630170,Lonnie Walker IV,1629022,Derrick White,1628401,Damion Lee,1627814,Jordan Poole,1629673,Kevon Looney,1626172,Juan Toscano-Anderson,1629308,Moses Moody,1630541
0022100771,295,2,80,2,9:33 PM,2:21,,,MISS Moody 17' Step Back Jump Shot,,,5,1630541,Moses Moody,1610612744.0,Golden State,Warriors,GSW,0,0,,,,,,0,0,,,,,,1,SAS,GSW,1610612759,1610612744,2022-02-01,2022,GSW,missed_shot,,0.0,0,Step Back Jump shot,1299,4.0,0,0,0,0,0,0,,0,Dejounte Murray,1627749,Keldon Johnson,1629640,Devin Vassell,1630170,Lonnie Walker IV,1629022,Derrick White,1628401,Damion Lee,1627814,Jordan Poole,1629673,Kevon Looney,1626172,Juan Toscano-Anderson,1629308,Moses Moody,1630541
0022100771,296,4,0,2,9:33 PM,2:20,,,Looney REBOUND (Off:5 Def:4),,,5,1626172,Kevon Looney,1610612744.0,Golden State,Warriors,GSW,0,0,,,,,,0,0,,,,,,1,SAS,GSW,1610612759,1610612744,2022-02-01,2022,GSW,rebound,,,0,,1300,1.0,0,0,1,0,0,0,,0,Dejounte Murray,1627749,Keldon Johnson,1629640,Devin Vassell,1630170,Lonnie Walker IV,1629022,Derrick White,1628401,Damion Lee,1627814,Jordan Poole,1629673,Kevon Looney,1626172,Juan Toscano-Anderson,1629308,Moses Moody,1630541
0022100771,297,1,5,2,9:33 PM,2:16,,,Looney 2' Layup (10 PTS),56 - 60,4,5,1626172,Kevon Looney,1610612744.0,Golden State,Warriors,GSW,0,0,,,,,,0,0,,,,,,1,SAS,GSW,1610612759,1610612744,2022-02-01,2022,GSW,shot,,1.0,0,Layup Shot,1304,4.0,0,2,0,0,0,0,,0,Dejounte Murray,1627749,Keldon Johnson,1629640,Devin Vassell,1630170,Lonnie Walker IV,1629022,Derrick White,1628401,Damion Lee,1627814,Jordan Poole,1629673,Kevon Looney,1626172,Juan Toscano-Anderson,1629308,Moses Moody,1630541
0022100771,298,1,6,2,9:33 PM,2:09,Murray 1' Driving Layup (13 PTS),,,56 - 62,6,4,1627749,Dejounte Murray,1610612759.0,San Antonio,Spurs,SAS,0,0,,,,,,0,0,,,,,,1,SAS,GSW,1610612759,1610612744,2022-02-01,2022,SAS,shot,,1.0,0,Driving Layup Shot,1311,7.0,0,2,0,0,0,0,,0,Dejounte Murray,1627749,Keldon Johnson,1629640,Devin Vassell,1630170,Lonnie Walker IV,1629022,Derrick White,1628401,Damion Lee,1627814,Jordan Poole,1629673,Kevon Looney,1626172,Juan Toscano-Anderson,1629308,Moses Moody,1630541
0022100771,299,2,1,2,9:33 PM,1:54,,,MISS Moody 27' 3PT Jump Shot,,,5,1630541,Moses Moody,1610612744.0,Golden State,Warriors,GSW,0,0,,,,,,0,0,,,,,,1,SAS,GSW,1610612759,1610612744,2022-02-01,2022,GSW,missed_shot,,0.0,0,Jump Shot,1326,15.0,1,0,0,0,0,0,,0,Dejounte Murray,1627749,Keldon Johnson,1629640,Devin Vassell,1630170,Lonnie Walker IV,1629022,Derrick White,1628401,Damion Lee,1627814,Jordan Poole,1629673,Kevon Looney,1626172,Juan Toscano-Anderson,1629308,Moses Moody,1630541
0022100771,300,4,0,2,9:33 PM,1:54,,,Warriors Rebound,,,3,1610612744,,,,,,0,0,,,,,,0,0,,,,,,1,SAS,GSW,1610612759,1610612744,2022-02-01,2022,GSW,rebound,,,0,,1326,0.0,0,0,0,0,0,0,,0,Dejounte Murray,1627749,Keldon Johnson,1629640,Devin Vassell,1630170,Lonnie Walker IV,1629022,Derrick White,1628401,Damion Lee,1627814,Jordan Poole,1629673,Kevon Looney,1626172,Juan Toscano-Anderson,1629308,Moses Moody,1630541
0022100771,301,6,3,2,9:34 PM,1:54,White L.B.FOUL (P2.PN) (M.Lindsay),,,,,4,1628401,Derrick White,1610612759.0,San Antonio,Spurs,SAS,5,1626172,Kevon Looney,1610612744.0,Golden State,Warriors,GSW,1,0,,,,,,1,SAS,GSW,1610612759,1610612744,2022-02-01,2022,SAS,foul,,,0,,1326,0.0,0,0,0,0,0,0,loose ball,0,Dejounte Murray,1627749,Keldon Johnson,1629640,Devin Vassell,1630170,Lonnie Walker IV,1629022,Derrick White,1628401,Damion Lee,1627814,Jordan Poole,1629673,Kevon Looney,1626172,Juan Toscano-Anderson,1629308,Moses Moody,1630541
0022100771,303,3,11,2,9:34 PM,1:54,,,Looney Free Throw 1 of 2 (11 PTS),57 - 62,5,5,1626172,Kevon Looney,1610612744.0,Golden State,Warriors,GSW,0,0,,,,,,0,0,,,,,,1,SAS,GSW,1610612759,1610612744,2022-02-01,2022,GSW,free-throw,,1.0,0,Free Throw 1 of 2,1326,0.0,0,1,0,0,0,0,,0,Dejounte Murray,1627749,Keldon Johnson,1629640,Devin Vassell,1630170,Lonnie Walker IV,1629022,Derrick White,1628401,Damion Lee,1627814,Jordan Poole,1629673,Kevon Looney,1626172,Juan Toscano-Anderson,1629308,Moses Moody,1630541
0022100771,304,3,12,2,9:34 PM,1:54,,,Looney Free Throw 2 of 2 (12 PTS),58 - 62,4,5,1626172,Kevon Looney,1610612744.0,Golden State,Warriors,GSW,0,0,,,,,,0,0,,,,,,1,SAS,GSW,1610612759,1610612744,2022-02-01,2022,GSW,free-throw,,1.0,0,Free Throw 2 of 2,1326,0.0,0,1,0,0,0,0,,0,Dejounte Murray,1627749,Keldon Johnson,1629640,Devin Vassell,1630170,Lonnie Walker IV,1629022,Derrick White,1628401,Damion Lee,1627814,Jordan Poole,1629673,Kevon Looney,1626172,Juan Toscano-Anderson,1629308,Moses Moody,1630541
0022100771,305,1,1,2,9:34 PM,1:32,Vassell 25' 3PT Jump Shot (11 PTS) (Walker IV 2 AST),,,58 - 65,7,4,1630170,Devin Vassell,1610612759.0,San Antonio,Spurs,SAS,4,1629022,Lonnie Walker IV,1610612759.0,San Antonio,Spurs,SAS,0,0,,,,,,1,SAS,GSW,1610612759,1610612744,2022-02-01,2022,SAS,shot,,1.0,0,Jump Shot,1348,22.0,1,3,0,0,0,0,,0,Dejounte Murray,1627749,Keldon Johnson,1629640,Devin Vassell,1630170,Lonnie Walker IV,1629022,Derrick White,1628401,Damion Lee,1627814,Jordan Poole,1629673,Kevon Looney,1626172,Juan Toscano-Anderson,1629308,Moses Moody,1630541
0022100771,307,2,6,2,9:35 PM,1:16,,,MISS Poole 2' Driving Layup,,,5,1629673,Jordan Poole,1610612744.0,Golden State,Warriors,GSW,0,0,,,,,,0,0,,,,,,1,SAS,GSW,1610612759,1610612744,2022-02-01,2022,GSW,missed_shot,,0.0,0,Driving Layup Shot,1364,16.0,0,0,0,0,0,0,,0,Dejounte Murray,1627749,Keldon Johnson,1629640,Devin Vassell,1630170,Lonnie Walker IV,1629022,Derrick White,1628401,Damion Lee,1627814,Jordan Poole,1629673,Kevon Looney,1626172,Juan Toscano-Anderson,1629308,Moses Moody,1630541
0022100771,308,4,0,2,9:35 PM,1:16,SPURS Rebound,,,,,2,1610612759,,,,,,0,0,,,,,,0,0,,,,,,0,SAS,GSW,1610612759,1610612744,2022-02-01,2022,SAS,rebound,,,0,,1364,0.0,0,0,0,0,0,0,,0,Dejounte Murray,1627749,Keldon Johnson,1629640,Devin Vassell,1630170,Lonnie Walker IV,1629022,Derrick White,1628401,Damion Lee,1627814,Jordan Poole,1629673,Kevon Looney,1626172,Juan Toscano-Anderson,1629308,Moses Moody,1630541
0022100771,310,1,57,2,9:35 PM,0:59,Johnson 5' Driving Hook Shot (11 PTS) (White 4 AST),,,58 - 67,9,4,1629640,Keldon Johnson,1610612759.0,San Antonio,Spurs,SAS,4,1628401,Derrick White,1610612759.0,San Antonio,Spurs,SAS,0,0,,,,,,1,SAS,GSW,1610612759,1610612744,2022-02-01,2022,SAS,shot,,1.0,0,Driving Hook Shot,1381,17.0,0,2,0,0,0,0,,0,Dejounte Murray,1627749,Keldon Johnson,1629640,Devin Vassell,1630170,Lonnie Walker IV,1629022,Derrick White,1628401,Damion Lee,1627814,Jordan Poole,1629673,Kevon Looney,1626172,Juan Toscano-Anderson,1629308,Moses Moody,1630541
0022100771,312,5,11,2,9:36 PM,0:35,,,Warriors Turnover: Shot Clock (T#12),,,3,1610612744,,,,,,0,0,,,,,,1,0,,,,,,0,SAS,GSW,1610612759,1610612744,2022-02-01,2022,GSW,turnover,,,0,,1405,24.0,0,0,0,0,1,0,,0,Dejounte Murray,1627749,Keldon Johnson,1629640,Devin Vassell,1630170,Lonnie Walker IV,1629022,Derrick White,1628401,Damion Lee,1627814,Jordan Poole,1629673,Kevon Looney,1626172,Juan Toscano-Anderson,1629308,Moses Moody,1630541
0022100771,313,1,75,2,9:36 PM,0:30,Murray 1' Driving Finger Roll Layup (15 PTS),,,58 - 69,11,4,1627749,Dejounte Murray,1610612759.0,San Antonio,Spurs,SAS,0,0,,,,,,0,0,,,,,,1,SAS,GSW,1610612759,1610612744,2022-02-01,2022,SAS,shot,,1.0,0,Driving Finger Roll Layup Shot,1410,5.0,0,2,0,0,0,0,,0,Dejounte Murray,1627749,Keldon Johnson,1629640,Devin Vassell,1630170,Lonnie Walker IV,1629022,Derrick White,1628401,Damion Lee,1627814,Jordan Poole,1629673,Kevon Looney,1626172,Juan Toscano-Anderson,1629308,Moses Moody,1630541
0022100771,314,1,1,2,9:36 PM,0:15,,,Moody 3PT Jump Shot (14 PTS) (Toscano-Anderson 3 AST),61 - 69,8,5,1630541,Moses Moody,1610612744.0,Golden State,Warriors,GSW,5,1629308,Juan Toscano-Anderson,1610612744.0,Golden State,Warriors,GSW,0,0,,,,,,1,SAS,GSW,1610612759,1610612744,2022-02-01,2022,GSW,shot,,1.0,0,Jump Shot,1425,15.0,1,3,0,0,0,0,,0,Dejounte Murray,1627749,Keldon Johnson,1629640,Devin Vassell,1630170,Lonnie Walker IV,1629022,Derrick White,1628401,Damion Lee,1627814,Jordan Poole,1629673,Kevon Looney,1626172,Juan Toscano-Anderson,1629308,Moses Moody,1630541
0022100771,316,2,79,2,9:37 PM,0:01,MISS Murray 28' 3PT Pullup Jump Shot,,,,,4,1627749,Dejounte Murray,1610612759.0,San Antonio,Spurs,SAS,0,0,,,,,,0,0,,,,,,1,SAS,GSW,1610612759,1610612744,2022-02-01,2022,SAS,missed_shot,,0.0,0,Pullup Jump shot,1439,14.0,1,0,0,0,0,0,,0,Dejounte Murray,1627749,Keldon Johnson,1629640,Devin Vassell,1630170,Lonnie Walker IV,1629022,Derrick White,1628401,Damion Lee,1627814,Jordan Poole,1629673,Kevon Looney,1626172,Juan Toscano-Anderson,1629308,Moses Moody,1630541
0022100771,317,4,0,2,9:37 PM,0:01,,,Looney REBOUND (Off:5 Def:5),,,5,1626172,Kevon Looney,1610612744.0,Golden State,Warriors,GSW,0,0,,,,,,0,0,,,,,,1,SAS,GSW,1610612759,1610612744,2022-02-01,2022,GSW,rebound,,,0,,1439,0.0,0,0,0,1,0,0,,0,Dejounte Murray,1627749,Keldon Johnson,1629640,Devin Vassell,1630170,Lonnie Walker IV,1629022,Derrick White,1628401,Damion Lee,1627814,Jordan Poole,1629673,Kevon Looney,1626172,Juan Toscano-Anderson,1629308,Moses Moody,1630541
0022100771,318,13,0,2,9:37 PM,0:00,,End of 2nd Period (9:37 PM EST),,61 - 69,8,0,0,,,,,,0,0,,,,,,0,0,,,,,,1,SAS,GSW,1610612759,1610612744,2022-02-01,2022,GSW,period-end,,,0,,1440,1.0,0,0,0,0,0,0,,0,Dejounte Murray,1627749,Keldon Johnson,1629640,Devin Vassell,1630170,Lonnie Walker IV,1629022,Derrick White,1628401,Damion Lee,1627814,Jordan Poole,1629673,Kevon Looney,1626172,Juan Toscano-Anderson,1629308,Moses Moody,1630541
0022100771,323,12,0,3,9:52 PM,12:00,,Start of 3rd Period (9:52 PM EST),,61 - 69,8,0,0,,,,,,0,0,,,,,,0,0,,,,,,0,SAS,GSW,1610612759,1610612744,2022-02-01,2022,GSW,period-start,,,0,,1440,0.0,0,0,0,0,0,0,,0,Keldon Johnson,1629640,Doug McDermott,203926,Derrick White,1628401,Dejounte Murray,1627749,Drew Eubanks,1629234,Moses Moody,1630541,Juan Toscano-Anderson,1629308,Kevon Looney,1626172,Jordan Poole,1629673,Damion Lee,1627814
0022100771,324,2,5,3,9:52 PM,11:36,,,MISS Toscano-Anderson 1' Layup,,,5,1629308,Juan Toscano-Anderson,1610612744.0,Golden State,Warriors,GSW,0,0,,,,,,0,0,,,,,,1,SAS,GSW,1610612759,1610612744,2022-02-01,2022,GSW,missed_shot,,0.0,0,Layup Shot,1464,24.0,0,0,0,0,0,0,,0,Keldon Johnson,1629640,Doug McDermott,203926,Derrick White,1628401,Dejounte Murray,1627749,Drew Eubanks,1629234,Moses Moody,1630541,Juan Toscano-Anderson,1629308,Kevon Looney,1626172,Jordan Poole,1629673,Damion Lee,1627814
0022100771,325,4,0,3,9:52 PM,11:32,,,Toscano-Anderson REBOUND (Off:1 Def:0),,,5,1629308,Juan Toscano-Anderson,1610612744.0,Golden State,Warriors,GSW,0,0,,,,,,0,0,,,,,,1,SAS,GSW,1610612759,1610612744,2022-02-01,2022,GSW,rebound,,,0,,1468,4.0,0,0,1,0,0,0,,0,Keldon Johnson,1629640,Doug McDermott,203926,Derrick White,1628401,Dejounte Murray,1627749,Drew Eubanks,1629234,Moses Moody,1630541,Juan Toscano-Anderson,1629308,Kevon Looney,1626172,Jordan Poole,1629673,Damion Lee,1627814
0022100771,326,1,72,3,9:52 PM,11:32,,,Toscano-Anderson 1' Putback Layup (6 PTS),63 - 69,6,5,1629308,Juan Toscano-Anderson,1610612744.0,Golden State,Warriors,GSW,0,0,,,,,,0,0,,,,,,1,SAS,GSW,1610612759,1610612744,2022-02-01,2022,GSW,shot,,1.0,0,Putback Layup Shot,1468,0.0,0,2,0,0,0,0,,1,Keldon Johnson,1629640,Doug McDermott,203926,Derrick White,1628401,Dejounte Murray,1627749,Drew Eubanks,1629234,Moses Moody,1630541,Juan Toscano-Anderson,1629308,Kevon Looney,1626172,Jordan Poole,1629673,Damion Lee,1627814
0022100771,327,1,108,3,9:52 PM,11:24,Eubanks 2' Cutting Dunk Shot (2 PTS) (White 5 AST),,,63 - 71,8,4,1629234,Drew Eubanks,1610612759.0,San Antonio,Spurs,SAS,4,1628401,Derrick White,1610612759.0,San Antonio,Spurs,SAS,0,0,,,,,,1,SAS,GSW,1610612759,1610612744,2022-02-01,2022,SAS,shot,,1.0,0,Cutting Dunk Shot,1476,8.0,0,2,0,0,0,0,,0,Keldon Johnson,1629640,Doug McDermott,203926,Derrick White,1628401,Dejounte Murray,1627749,Drew Eubanks,1629234,Moses Moody,1630541,Juan Toscano-Anderson,1629308,Kevon Looney,1626172,Jordan Poole,1629673,Damion Lee,1627814
0022100771,329,1,1,3,9:53 PM,11:15,,,Poole 25' 3PT Jump Shot (15 PTS) (Toscano-Anderson 4 AST),66 - 71,5,5,1629673,Jordan Poole,1610612744.0,Golden State,Warriors,GSW,5,1629308,Juan Toscano-Anderson,1610612744.0,Golden State,Warriors,GSW,0,0,,,,,,1,SAS,GSW,1610612759,1610612744,2022-02-01,2022,GSW,shot,,1.0,0,Jump Shot,1485,9.0,1,3,0,0,0,0,,0,Keldon Johnson,1629640,Doug McDermott,203926,Derrick White,1628401,Dejounte Murray,1627749,Drew Eubanks,1629234,Moses Moody,1630541,Juan Toscano-Anderson,1629308,Kevon Looney,1626172,Jordan Poole,1629673,Damion Lee,1627814
0022100771,331,1,79,3,9:53 PM,11:04,Murray 13' Pullup Jump Shot (17 PTS),,,66 - 73,7,4,1627749,Dejounte Murray,1610612759.0,San Antonio,Spurs,SAS,0,0,,,,,,0,0,,,,,,1,SAS,GSW,1610612759,1610612744,2022-02-01,2022,SAS,shot,,1.0,0,Pullup Jump shot,1496,11.0,0,2,0,0,0,0,,0,Keldon Johnson,1629640,Doug McDermott,203926,Derrick White,1628401,Dejounte Murray,1627749,Drew Eubanks,1629234,Moses Moody,1630541,Juan Toscano-Anderson,1629308,Kevon Looney,1626172,Jordan Poole,1629673,Damion Lee,1627814
0022100771,332,2,6,3,9:53 PM,10:49,,,MISS Poole 1' Driving Layup,,,5,1629673,Jordan Poole,1610612744.0,Golden State,Warriors,GSW,0,0,,,,,,0,0,,,,,,1,SAS,GSW,1610612759,1610612744,2022-02-01,2022,GSW,missed_shot,,0.0,0,Driving Layup Shot,1511,15.0,0,0,0,0,0,0,,0,Keldon Johnson,1629640,Doug McDermott,203926,Derrick White,1628401,Dejounte Murray,1627749,Drew Eubanks,1629234,Moses Moody,1630541,Juan Toscano-Anderson,1629308,Kevon Looney,1626172,Jordan Poole,1629673,Damion Lee,1627814
0022100771,333,4,0,3,9:53 PM,10:48,,,Looney REBOUND (Off:6 Def:5),,,5,1626172,Kevon Looney,1610612744.0,Golden State,Warriors,GSW,0,0,,,,,,0,0,,,,,,1,SAS,GSW,1610612759,1610612744,2022-02-01,2022,GSW,rebound,,,0,,1512,1.0,0,0,1,0,0,0,,0,Keldon Johnson,1629640,Doug McDermott,203926,Derrick White,1628401,Dejounte Murray,1627749,Drew Eubanks,1629234,Moses Moody,1630541,Juan Toscano-Anderson,1629308,Kevon Looney,1626172,Jordan Poole,1629673,Damion Lee,1627814
0022100771,334,1,1,3,9:53 PM,10:42,,,Lee 3PT Jump Shot (10 PTS) (Toscano-Anderson 5 AST),69 - 73,4,5,1627814,Damion Lee,1610612744.0,Golden State,Warriors,GSW,5,1629308,Juan Toscano-Anderson,1610612744.0,Golden State,Warriors,GSW,0,0,,,,,,1,SAS,GSW,1610612759,1610612744,2022-02-01,2022,GSW,shot,,1.0,0,Jump Shot,1518,6.0,1,3,0,0,0,0,,0,Keldon Johnson,1629640,Doug McDermott,203926,Derrick White,1628401,Dejounte Murray,1627749,Drew Eubanks,1629234,Moses Moody,1630541,Juan Toscano-Anderson,1629308,Kevon Looney,1626172,Jordan Poole,1629673,Damion Lee,1627814
0022100771,336,2,79,3,9:54 PM,10:21,MISS Murray 21' Pullup Jump Shot,,,,,4,1627749,Dejounte Murray,1610612759.0,San Antonio,Spurs,SAS,0,0,,,,,,0,0,,,,,,1,SAS,GSW,1610612759,1610612744,2022-02-01,2022,SAS,missed_shot,,0.0,0,Pullup Jump shot,1539,21.0,0,0,0,0,0,0,,0,Keldon Johnson,1629640,Doug McDermott,203926,Derrick White,1628401,Dejounte Murray,1627749,Drew Eubanks,1629234,Moses Moody,1630541,Juan Toscano-Anderson,1629308,Kevon Looney,1626172,Jordan Poole,1629673,Damion Lee,1627814
0022100771,337,4,0,3,9:54 PM,10:19,,,Poole REBOUND (Off:3 Def:3),,,5,1629673,Jordan Poole,1610612744.0,Golden State,Warriors,GSW,0,0,,,,,,0,0,,,,,,1,SAS,GSW,1610612759,1610612744,2022-02-01,2022,GSW,rebound,,,0,,1541,2.0,0,0,0,1,0,0,,0,Keldon Johnson,1629640,Doug McDermott,203926,Derrick White,1628401,Dejounte Murray,1627749,Drew Eubanks,1629234,Moses Moody,1630541,Juan Toscano-Anderson,1629308,Kevon Looney,1626172,Jordan Poole,1629673,Damion Lee,1627814
0022100771,338,2,75,3,9:54 PM,10:01,Eubanks BLOCK (1 BLK),,MISS Toscano-Anderson 1' Driving Finger Roll Layup,,,5,1629308,Juan Toscano-Anderson,1610612744.0,Golden State,Warriors,GSW,0,0,,,,,,4,1629234,Drew Eubanks,1610612759.0,San Antonio,Spurs,SAS,1,SAS,GSW,1610612759,1610612744,2022-02-01,2022,GSW,missed_shot,,0.0,1,Driving Finger Roll Layup Shot,1559,18.0,0,0,0,0,0,0,,0,Keldon Johnson,1629640,Doug McDermott,203926,Derrick White,1628401,Dejounte Murray,1627749,Drew Eubanks,1629234,Moses Moody,1630541,Juan Toscano-Anderson,1629308,Kevon Looney,1626172,Jordan Poole,1629673,Damion Lee,1627814
0022100771,340,4,0,3,9:54 PM,10:01,,,Warriors Rebound,,,3,1610612744,,,,,,0,0,,,,,,0,0,,,,,,0,SAS,GSW,1610612759,1610612744,2022-02-01,2022,GSW,rebound,,,0,,1559,0.0,0,0,0,0,0,0,,0,Keldon Johnson,1629640,Doug McDermott,203926,Derrick White,1628401,Dejounte Murray,1627749,Drew Eubanks,1629234,Moses Moody,1630541,Juan Toscano-Anderson,1629308,Kevon Looney,1626172,Jordan Poole,1629673,Damion Lee,1627814
0022100771,342,1,1,3,9:54 PM,9:57,,,Moody 24' 3PT Jump Shot (17 PTS) (Poole 4 AST),72 - 73,1,5,1630541,Moses Moody,1610612744.0,Golden State,Warriors,GSW,5,1629673,Jordan Poole,1610612744.0,Golden State,Warriors,GSW,0,0,,,,,,1,SAS,GSW,1610612759,1610612744,2022-02-01,2022,GSW,shot,,1.0,0,Jump Shot,1563,4.0,1,3,0,0,0,0,,0,Keldon Johnson,1629640,Doug McDermott,203926,Derrick White,1628401,Dejounte Murray,1627749,Drew Eubanks,1629234,Moses Moody,1630541,Juan Toscano-Anderson,1629308,Kevon Looney,1626172,Jordan Poole,1629673,Damion Lee,1627814
0022100771,344,9,1,3,9:55 PM,9:57,SPURS Timeout: Regular (Full 3 Short 0),,,,,2,1610612759,,,,,,0,0,,,,,,0,0,,,,,,0,SAS,GSW,1610612759,1610612744,2022-02-01,2022,SAS,team-timeout,,,0,,1563,0.0,0,0,0,0,0,0,,0,Keldon Johnson,1629640,Doug McDermott,203926,Derrick White,1628401,Dejounte Murray,1627749,Drew Eubanks,1629234,Moses Moody,1630541,Juan Toscano-Anderson,1629308,Kevon Looney,1626172,Jordan Poole,1629673,Damion Lee,1627814
0022100771,345,1,75,3,9:57 PM,9:47,McDermott Driving Finger Roll Layup (10 PTS) (Murray 5 AST),,,72 - 75,3,4,203926,Doug McDermott,1610612759.0,San Antonio,Spurs,SAS,4,1627749,Dejounte Murray,1610612759.0,San Antonio,Spurs,SAS,0,0,,,,,,1,SAS,GSW,1610612759,1610612744,2022-02-01,2022,SAS,shot,,1.0,0,Driving Finger Roll Layup Shot,1573,10.0,0,2,0,0,0,0,,0,Keldon Johnson,1629640,Doug McDermott,203926,Derrick White,1628401,Dejounte Murray,1627749,Drew Eubanks,1629234,Moses Moody,1630541,Juan Toscano-Anderson,1629308,Kevon Looney,1626172,Jordan Poole,1629673,Damion Lee,1627814
0022100771,347,2,1,3,9:57 PM,9:31,,,MISS Lee 3PT Jump Shot,,,5,1627814,Damion Lee,1610612744.0,Golden State,Warriors,GSW,0,0,,,,,,0,0,,,,,,1,SAS,GSW,1610612759,1610612744,2022-02-01,2022,GSW,missed_shot,,0.0,0,Jump Shot,1589,16.0,1,0,0,0,0,0,,0,Keldon Johnson,1629640,Doug McDermott,203926,Derrick White,1628401,Dejounte Murray,1627749,Drew Eubanks,1629234,Moses Moody,1630541,Juan Toscano-Anderson,1629308,Kevon Looney,1626172,Jordan Poole,1629673,Damion Lee,1627814
0022100771,348,4,0,3,9:58 PM,9:28,White REBOUND (Off:0 Def:2),,,,,4,1628401,Derrick White,1610612759.0,San Antonio,Spurs,SAS,0,0,,,,,,0,0,,,,,,1,SAS,GSW,1610612759,1610612744,2022-02-01,2022,SAS,rebound,,,0,,1592,3.0,0,0,0,1,0,0,,0,Keldon Johnson,1629640,Doug McDermott,203926,Derrick White,1628401,Dejounte Murray,1627749,Drew Eubanks,1629234,Moses Moody,1630541,Juan Toscano-Anderson,1629308,Kevon Looney,1626172,Jordan Poole,1629673,Damion Lee,1627814
0022100771,349,1,99,3,9:58 PM,9:24,Johnson Cutting Finger Roll Layup Shot (13 PTS) (White 6 AST),,,72 - 77,5,4,1629640,Keldon Johnson,1610612759.0,San Antonio,Spurs,SAS,4,1628401,Derrick White,1610612759.0,San Antonio,Spurs,SAS,0,0,,,,,,1,SAS,GSW,1610612759,1610612744,2022-02-01,2022,SAS,shot,,1.0,0,Cutting Finger Roll Layup Shot,1596,4.0,0,2,0,0,0,0,,0,Keldon Johnson,1629640,Doug McDermott,203926,Derrick White,1628401,Dejounte Murray,1627749,Drew Eubanks,1629234,Moses Moody,1630541,Juan Toscano-Anderson,1629308,Kevon Looney,1626172,Jordan Poole,1629673,Damion Lee,1627814
0022100771,351,2,1,3,9:58 PM,9:10,,,MISS Toscano-Anderson 25' 3PT Jump Shot,,,5,1629308,Juan Toscano-Anderson,1610612744.0,Golden State,Warriors,GSW,0,0,,,,,,0,0,,,,,,1,SAS,GSW,1610612759,1610612744,2022-02-01,2022,GSW,missed_shot,,0.0,0,Jump Shot,1610,14.0,1,0,0,0,0,0,,0,Keldon Johnson,1629640,Doug McDermott,203926,Derrick White,1628401,Dejounte Murray,1627749,Drew Eubanks,1629234,Moses Moody,1630541,Juan Toscano-Anderson,1629308,Kevon Looney,1626172,Jordan Poole,1629673,Damion Lee,1627814
0022100771,352,4,0,3,9:58 PM,9:05,Murray REBOUND (Off:1 Def:5),,,,,4,1627749,Dejounte Murray,1610612759.0,San Antonio,Spurs,SAS,0,0,,,,,,0,0,,,,,,1,SAS,GSW,1610612759,1610612744,2022-02-01,2022,SAS,rebound,,,0,,1615,5.0,0,0,0,1,0,0,,0,Keldon Johnson,1629640,Doug McDermott,203926,Derrick White,1628401,Dejounte Murray,1627749,Drew Eubanks,1629234,Moses Moody,1630541,Juan Toscano-Anderson,1629308,Kevon Looney,1626172,Jordan Poole,1629673,Damion Lee,1627814
0022100771,353,6,26,3,9:58 PM,8:58,Johnson Offensive Charge Foul (P1) (M.Lindsay),,,,,4,1629640,Keldon Johnson,1610612759.0,San Antonio,Spurs,SAS,5,1630541,Moses Moody,1610612744.0,Golden State,Warriors,GSW,1,0,,,,,,1,SAS,GSW,1610612759,1610612744,2022-02-01,2022,SAS,foul,,,0,,1622,7.0,0,0,0,0,0,0,offensive charge,0,Keldon Johnson,1629640,Doug McDermott,203926,Derrick White,1628401,Dejounte Murray,1627749,Drew Eubanks,1629234,Moses Moody,1630541,Juan Toscano-Anderson,1629308,Kevon Looney,1626172,Jordan Poole,1629673,Damion Lee,1627814
0022100771,355,5,37,3,9:58 PM,8:58,Johnson Offensive Foul Turnover (P2.T7),,,,,4,1629640,Keldon Johnson,1610612759.0,San Antonio,Spurs,SAS,0,0,,,,,,1,0,,,,,,1,SAS,GSW,1610612759,1610612744,2022-02-01,2022,SAS,turnover,,,0,,1622,0.0,0,0,0,0,1,0,,0,Keldon Johnson,1629640,Doug McDermott,203926,Derrick White,1628401,Dejounte Murray,1627749,Drew Eubanks,1629234,Moses Moody,1630541,Juan Toscano-Anderson,1629308,Kevon Looney,1626172,Jordan Poole,1629673,Damion Lee,1627814
0022100771,356,6,1,3,9:59 PM,8:45,Johnson P.FOUL (P2.T1) (T.Washington),,,,,4,1629640,Keldon Johnson,1610612759.0,San Antonio,Spurs,SAS,5,1627814,Damion Lee,1610612744.0,Golden State,Warriors,GSW,1,0,,,,,,1,SAS,GSW,1610612759,1610612744,2022-02-01,2022,SAS,foul,,,0,,1635,13.0,0,0,0,0,0,0,personal,0,Keldon Johnson,1629640,Doug McDermott,203926,Derrick White,1628401,Dejounte Murray,1627749,Drew Eubanks,1629234,Moses Moody,1630541,Juan Toscano-Anderson,1629308,Kevon Looney,1626172,Jordan Poole,1629673,Damion Lee,1627814
0022100771,359,2,98,3,10:00 PM,8:33,,,MISS Toscano-Anderson 2' Cutting Layup Shot,,,5,1629308,Juan Toscano-Anderson,1610612744.0,Golden State,Warriors,GSW,0,0,,,,,,0,0,,,,,,1,SAS,GSW,1610612759,1610612744,2022-02-01,2022,GSW,missed_shot,,0.0,0,Cutting Layup Shot,1647,12.0,0,0,0,0,0,0,,0,Keldon Johnson,1629640,Doug McDermott,203926,Derrick White,1628401,Dejounte Murray,1627749,Drew Eubanks,1629234,Moses Moody,1630541,Juan Toscano-Anderson,1629308,Kevon Looney,1626172,Jordan Poole,1629673,Damion Lee,1627814
0022100771,360,4,0,3,10:00 PM,8:30,Murray REBOUND (Off:1 Def:6),,,,,4,1627749,Dejounte Murray,1610612759.0,San Antonio,Spurs,SAS,0,0,,,,,,0,0,,,,,,1,SAS,GSW,1610612759,1610612744,2022-02-01,2022,SAS,rebound,,,0,,1650,3.0,0,0,0,1,0,0,,0,Keldon Johnson,1629640,Doug McDermott,203926,Derrick White,1628401,Dejounte Murray,1627749,Drew Eubanks,1629234,Moses Moody,1630541,Juan Toscano-Anderson,1629308,Kevon Looney,1626172,Jordan Poole,1629673,Damion Lee,1627814
0022100771,361,6,2,3,10:00 PM,8:24,,,Moody S.FOUL (P2.T1) (T.Washington),,,5,1630541,Moses Moody,1610612744.0,Golden State,Warriors,GSW,4,1629234,Drew Eubanks,1610612759.0,San Antonio,Spurs,SAS,1,0,,,,,,1,SAS,GSW,1610612759,1610612744,2022-02-01,2022,GSW,foul,,,0,,1656,6.0,0,0,0,0,0,0,shooting,0,Keldon Johnson,1629640,Doug McDermott,203926,Derrick White,1628401,Dejounte Murray,1627749,Drew Eubanks,1629234,Moses Moody,1630541,Juan Toscano-Anderson,1629308,Kevon Looney,1626172,Jordan Poole,1629673,Damion Lee,1627814
0022100771,363,3,11,3,10:00 PM,8:24,Eubanks Free Throw 1 of 2 (3 PTS),,,72 - 78,6,4,1629234,Drew Eubanks,1610612759.0,San Antonio,Spurs,SAS,0,0,,,,,,0,0,,,,,,1,SAS,GSW,1610612759,1610612744,2022-02-01,2022,SAS,free-throw,,1.0,0,Free Throw 1 of 2,1656,0.0,0,1,0,0,0,0,,0,Keldon Johnson,1629640,Doug McDermott,203926,Derrick White,1628401,Dejounte Murray,1627749,Drew Eubanks,1629234,Moses Moody,1630541,Juan Toscano-Anderson,1629308,Kevon Looney,1626172,Jordan Poole,1629673,Damion Lee,1627814
0022100771,364,3,12,3,10:00 PM,8:24,Eubanks Free Throw 2 of 2 (4 PTS),,,72 - 79,7,4,1629234,Drew Eubanks,1610612759.0,San Antonio,Spurs,SAS,0,0,,,,,,0,0,,,,,,1,SAS,GSW,1610612759,1610612744,2022-02-01,2022,SAS,free-throw,,1.0,0,Free Throw 2 of 2,1656,0.0,0,1,0,0,0,0,,0,Keldon Johnson,1629640,Doug McDermott,203926,Derrick White,1628401,Dejounte Murray,1627749,Drew Eubanks,1629234,Moses Moody,1630541,Juan Toscano-Anderson,1629308,Kevon Looney,1626172,Jordan Poole,1629673,Damion Lee,1627814
0022100771,365,6,2,3,10:01 PM,8:14,Murray S.FOUL (P1.T2) (M.Dagher),,,,,4,1627749,Dejounte Murray,1610612759.0,San Antonio,Spurs,SAS,5,1629673,Jordan Poole,1610612744.0,Golden State,Warriors,GSW,1,0,,,,,,1,SAS,GSW,1610612759,1610612744,2022-02-01,2022,SAS,foul,,,0,,1666,10.0,0,0,0,0,0,0,shooting,0,Keldon Johnson,1629640,Doug McDermott,203926,Derrick White,1628401,Dejounte Murray,1627749,Drew Eubanks,1629234,Moses Moody,1630541,Juan Toscano-Anderson,1629308,Kevon Looney,1626172,Jordan Poole,1629673,Damion Lee,1627814
0022100771,367,3,11,3,10:01 PM,8:14,,,Poole Free Throw 1 of 2 (16 PTS),73 - 79,6,5,1629673,Jordan Poole,1610612744.0,Golden State,Warriors,GSW,0,0,,,,,,0,0,,,,,,1,SAS,GSW,1610612759,1610612744,2022-02-01,2022,GSW,free-throw,,1.0,0,Free Throw 1 of 2,1666,0.0,0,1,0,0,0,0,,0,Keldon Johnson,1629640,Doug McDermott,203926,Derrick White,1628401,Dejounte Murray,1627749,Drew Eubanks,1629234,Moses Moody,1630541,Juan Toscano-Anderson,1629308,Kevon Looney,1626172,Jordan Poole,1629673,Damion Lee,1627814
0022100771,368,3,12,3,10:01 PM,8:14,,,Poole Free Throw 2 of 2 (17 PTS),74 - 79,5,5,1629673,Jordan Poole,1610612744.0,Golden State,Warriors,GSW,0,0,,,,,,0,0,,,,,,1,SAS,GSW,1610612759,1610612744,2022-02-01,2022,GSW,free-throw,,1.0,0,Free Throw 2 of 2,1666,0.0,0,1,0,0,0,0,,0,Keldon Johnson,1629640,Doug McDermott,203926,Derrick White,1628401,Dejounte Murray,1627749,Drew Eubanks,1629234,Moses Moody,1630541,Juan Toscano-Anderson,1629308,Kevon Looney,1626172,Jordan Poole,1629673,Damion Lee,1627814
0022100771,369,1,1,3,10:02 PM,8:01,Johnson 24' 3PT Jump Shot (16 PTS) (McDermott 2 AST),,,74 - 82,8,4,1629640,Keldon Johnson,1610612759.0,San Antonio,Spurs,SAS,4,203926,Doug McDermott,1610612759.0,San Antonio,Spurs,SAS,0,0,,,,,,1,SAS,GSW,1610612759,1610612744,2022-02-01,2022,SAS,shot,,1.0,0,Jump Shot,1679,13.0,1,3,0,0,0,0,,0,Keldon Johnson,1629640,Doug McDermott,203926,Derrick White,1628401,Dejounte Murray,1627749,Drew Eubanks,1629234,Moses Moody,1630541,Juan Toscano-Anderson,1629308,Kevon Looney,1626172,Jordan Poole,1629673,Damion Lee,1627814
0022100771,371,1,1,3,10:02 PM,7:37,,,Moody 3PT Jump Shot (20 PTS) (Toscano-Anderson 6 AST),77 - 82,5,5,1630541,Moses Moody,1610612744.0,Golden State,Warriors,GSW,5,1629308,Juan Toscano-Anderson,1610612744.0,Golden State,Warriors,GSW,0,0,,,,,,1,SAS,GSW,1610612759,1610612744,2022-02-01,2022,GSW,shot,,1.0,0,Jump Shot,1703,24.0,1,3,0,0,0,0,,0,Keldon Johnson,1629640,Doug McDermott,203926,Derrick White,1628401,Dejounte Murray,1627749,Drew Eubanks,1629234,Moses Moody,1630541,Juan Toscano-Anderson,1629308,Kevon Looney,1626172,Jordan Poole,1629673,Damion Lee,1627814
0022100771,373,1,1,3,10:02 PM,7:20,White 25' 3PT Jump Shot (10 PTS) (Johnson 3 AST),,,77 - 85,8,4,1628401,Derrick White,1610612759.0,San Antonio,Spurs,SAS,4,1629640,Keldon Johnson,1610612759.0,San Antonio,Spurs,SAS,0,0,,,,,,1,SAS,GSW,1610612759,1610612744,2022-02-01,2022,SAS,shot,,1.0,0,Jump Shot,1720,17.0,1,3,0,0,0,0,,0,Keldon Johnson,1629640,Doug McDermott,203926,Derrick White,1628401,Dejounte Murray,1627749,Drew Eubanks,1629234,Moses Moody,1630541,Juan Toscano-Anderson,1629308,Kevon Looney,1626172,Jordan Poole,1629673,Damion Lee,1627814
0022100771,375,2,80,3,10:02 PM,7:07,,,MISS Poole 25' 3PT Step Back Jump Shot,,,5,1629673,Jordan Poole,1610612744.0,Golden State,Warriors,GSW,0,0,,,,,,0,0,,,,,,1,SAS,GSW,1610612759,1610612744,2022-02-01,2022,GSW,missed_shot,,0.0,0,Step Back Jump shot,1733,13.0,1,0,0,0,0,0,,0,Keldon Johnson,1629640,Doug McDermott,203926,Derrick White,1628401,Dejounte Murray,1627749,Drew Eubanks,1629234,Moses Moody,1630541,Juan Toscano-Anderson,1629308,Kevon Looney,1626172,Jordan Poole,1629673,Damion Lee,1627814
0022100771,376,4,0,3,10:03 PM,7:04,Johnson REBOUND (Off:0 Def:1),,,,,4,1629640,Keldon Johnson,1610612759.0,San Antonio,Spurs,SAS,0,0,,,,,,0,0,,,,,,1,SAS,GSW,1610612759,1610612744,2022-02-01,2022,SAS,rebound,,,0,,1736,3.0,0,0,0,1,0,0,,0,Keldon Johnson,1629640,Doug McDermott,203926,Derrick White,1628401,Dejounte Murray,1627749,Drew Eubanks,1629234,Moses Moody,1630541,Juan Toscano-Anderson,1629308,Kevon Looney,1626172,Jordan Poole,1629673,Damion Lee,1627814
0022100771,377,2,79,3,10:03 PM,6:58,MISS Murray 17' Pullup Jump Shot,,,,,4,1627749,Dejounte Murray,1610612759.0,San Antonio,Spurs,SAS,0,0,,,,,,0,0,,,,,,1,SAS,GSW,1610612759,1610612744,2022-02-01,2022,SAS,missed_shot,,0.0,0,Pullup Jump shot,1742,6.0,0,0,0,0,0,0,,0,Keldon Johnson,1629640,Doug McDermott,203926,Derrick White,1628401,Dejounte Murray,1627749,Drew Eubanks,1629234,Moses Moody,1630541,Juan Toscano-Anderson,1629308,Kevon Looney,1626172,Jordan Poole,1629673,Damion Lee,1627814
0022100771,378,4,0,3,10:03 PM,6:56,,,Toscano-Anderson REBOUND (Off:1 Def:1),,,5,1629308,Juan Toscano-Anderson,1610612744.0,Golden State,Warriors,GSW,0,0,,,,,,0,0,,,,,,1,SAS,GSW,1610612759,1610612744,2022-02-01,2022,GSW,rebound,,,0,,1744,2.0,0,0,0,1,0,0,,0,Keldon Johnson,1629640,Doug McDermott,203926,Derrick White,1628401,Dejounte Murray,1627749,Drew Eubanks,1629234,Moses Moody,1630541,Juan Toscano-Anderson,1629308,Kevon Looney,1626172,Jordan Poole,1629673,Damion Lee,1627814
0022100771,380,9,1,3,10:03 PM,6:52,,,Warriors Timeout: Regular (Reg.4 Short 0),,,3,1610612744,,,,,,0,0,,,,,,0,0,,,,,,0,SAS,GSW,1610612759,1610612744,2022-02-01,2022,GSW,team-timeout,,,0,,1748,4.0,0,0,0,0,0,0,,0,Keldon Johnson,1629640,Doug McDermott,203926,Derrick White,1628401,Dejounte Murray,1627749,Drew Eubanks,1629234,Moses Moody,1630541,Juan Toscano-Anderson,1629308,Kevon Looney,1626172,Jordan Poole,1629673,Damion Lee,1627814
0022100771,381,8,0,3,10:06 PM,6:52,SUB: Bates-Diop FOR Eubanks,,,,,4,1629234,Drew Eubanks,1610612759.0,San Antonio,Spurs,SAS,4,1628966,Keita Bates-Diop,1610612759.0,San Antonio,Spurs,SAS,0,0,,,,,,0,SAS,GSW,1610612759,1610612744,2022-02-01,2022,SAS,substitution,,,0,,1748,0.0,0,0,0,0,0,0,,0,Keldon Johnson,1629640,Doug McDermott,203926,Derrick White,1628401,Dejounte Murray,1627749,Keita Bates-Diop,1628966,Moses Moody,1630541,Juan Toscano-Anderson,1629308,Kevon Looney,1626172,Jordan Poole,1629673,Damion Lee,1627814
0022100771,387,8,0,3,10:06 PM,6:52,SUB: Vassell FOR McDermott,,,,,4,203926,Doug McDermott,1610612759.0,San Antonio,Spurs,SAS,4,1630170,Devin Vassell,1610612759.0,San Antonio,Spurs,SAS,0,0,,,,,,0,SAS,GSW,1610612759,1610612744,2022-02-01,2022,SAS,substitution,,,0,,1748,0.0,0,0,0,0,0,0,,0,Keldon Johnson,1629640,Derrick White,1628401,Dejounte Murray,1627749,Keita Bates-Diop,1628966,Devin Vassell,1630170,Moses Moody,1630541,Juan Toscano-Anderson,1629308,Kevon Looney,1626172,Jordan Poole,1629673,Damion Lee,1627814
0022100771,383,1,1,3,10:06 PM,6:50,,,Lee 24' 3PT Jump Shot (13 PTS) (Toscano-Anderson 7 AST),80 - 85,5,5,1627814,Damion Lee,1610612744.0,Golden State,Warriors,GSW,5,1629308,Juan Toscano-Anderson,1610612744.0,Golden State,Warriors,GSW,0,0,,,,,,1,SAS,GSW,1610612759,1610612744,2022-02-01,2022,GSW,shot,,1.0,0,Jump Shot,1750,2.0,1,3,0,0,0,0,,0,Keldon Johnson,1629640,Derrick White,1628401,Dejounte Murray,1627749,Keita Bates-Diop,1628966,Devin Vassell,1630170,Moses Moody,1630541,Juan Toscano-Anderson,1629308,Kevon Looney,1626172,Jordan Poole,1629673,Damion Lee,1627814
0022100771,385,2,1,3,10:07 PM,6:27,MISS Vassell 24' 3PT Jump Shot,,,,,4,1630170,Devin Vassell,1610612759.0,San Antonio,Spurs,SAS,0,0,,,,,,0,0,,,,,,1,SAS,GSW,1610612759,1610612744,2022-02-01,2022,SAS,missed_shot,,0.0,0,Jump Shot,1773,23.0,1,0,0,0,0,0,,0,Keldon Johnson,1629640,Derrick White,1628401,Dejounte Murray,1627749,Keita Bates-Diop,1628966,Devin Vassell,1630170,Moses Moody,1630541,Juan Toscano-Anderson,1629308,Kevon Looney,1626172,Jordan Poole,1629673,Damion Lee,1627814
0022100771,386,4,0,3,10:07 PM,6:20,,,Lee REBOUND (Off:0 Def:3),,,5,1627814,Damion Lee,1610612744.0,Golden State,Warriors,GSW,0,0,,,,,,0,0,,,,,,1,SAS,GSW,1610612759,1610612744,2022-02-01,2022,GSW,rebound,,,0,,1780,7.0,0,0,0,1,0,0,,0,Keldon Johnson,1629640,Derrick White,1628401,Dejounte Murray,1627749,Keita Bates-Diop,1628966,Devin Vassell,1630170,Moses Moody,1630541,Juan Toscano-Anderson,1629308,Kevon Looney,1626172,Jordan Poole,1629673,Damion Lee,1627814
0022100771,389,2,1,3,10:07 PM,6:06,,,MISS Looney 12' Jump Shot,,,5,1626172,Kevon Looney,1610612744.0,Golden State,Warriors,GSW,0,0,,,,,,0,0,,,,,,1,SAS,GSW,1610612759,1610612744,2022-02-01,2022,GSW,missed_shot,,0.0,0,Jump Shot,1794,14.0,0,0,0,0,0,0,,0,Keldon Johnson,1629640,Derrick White,1628401,Dejounte Murray,1627749,Keita Bates-Diop,1628966,Devin Vassell,1630170,Moses Moody,1630541,Juan Toscano-Anderson,1629308,Kevon Looney,1626172,Jordan Poole,1629673,Damion Lee,1627814
0022100771,390,4,0,3,10:07 PM,6:03,Vassell REBOUND (Off:0 Def:2),,,,,4,1630170,Devin Vassell,1610612759.0,San Antonio,Spurs,SAS,0,0,,,,,,0,0,,,,,,1,SAS,GSW,1610612759,1610612744,2022-02-01,2022,SAS,rebound,,,0,,1797,3.0,0,0,0,1,0,0,,0,Keldon Johnson,1629640,Derrick White,1628401,Dejounte Murray,1627749,Keita Bates-Diop,1628966,Devin Vassell,1630170,Moses Moody,1630541,Juan Toscano-Anderson,1629308,Kevon Looney,1626172,Jordan Poole,1629673,Damion Lee,1627814
0022100771,391,1,1,3,10:07 PM,5:58,White 26' 3PT Jump Shot (13 PTS) (Johnson 4 AST),,,80 - 88,8,4,1628401,Derrick White,1610612759.0,San Antonio,Spurs,SAS,4,1629640,Keldon Johnson,1610612759.0,San Antonio,Spurs,SAS,0,0,,,,,,1,SAS,GSW,1610612759,1610612744,2022-02-01,2022,SAS,shot,,1.0,0,Jump Shot,1802,5.0,1,3,0,0,0,0,,0,Keldon Johnson,1629640,Derrick White,1628401,Dejounte Murray,1627749,Keita Bates-Diop,1628966,Devin Vassell,1630170,Moses Moody,1630541,Juan Toscano-Anderson,1629308,Kevon Looney,1626172,Jordan Poole,1629673,Damion Lee,1627814
0022100771,393,6,2,3,10:07 PM,5:44,Bates-Diop S.FOUL (P1.T3) (M.Lindsay),,,,,4,1628966,Keita Bates-Diop,1610612759.0,San Antonio,Spurs,SAS,5,1629673,Jordan Poole,1610612744.0,Golden State,Warriors,GSW,1,0,,,,,,1,SAS,GSW,1610612759,1610612744,2022-02-01,2022,SAS,foul,,,0,,1816,14.0,0,0,0,0,0,0,shooting,0,Keldon Johnson,1629640,Derrick White,1628401,Dejounte Murray,1627749,Keita Bates-Diop,1628966,Devin Vassell,1630170,Moses Moody,1630541,Juan Toscano-Anderson,1629308,Kevon Looney,1626172,Jordan Poole,1629673,Damion Lee,1627814
0022100771,395,3,11,3,10:08 PM,5:44,,,Poole Free Throw 1 of 2 (18 PTS),81 - 88,7,5,1629673,Jordan Poole,1610612744.0,Golden State,Warriors,GSW,0,0,,,,,,0,0,,,,,,1,SAS,GSW,1610612759,1610612744,2022-02-01,2022,GSW,free-throw,,1.0,0,Free Throw 1 of 2,1816,0.0,0,1,0,0,0,0,,0,Keldon Johnson,1629640,Derrick White,1628401,Dejounte Murray,1627749,Keita Bates-Diop,1628966,Devin Vassell,1630170,Moses Moody,1630541,Juan Toscano-Anderson,1629308,Kevon Looney,1626172,Jordan Poole,1629673,Damion Lee,1627814
0022100771,396,8,0,3,10:08 PM,5:44,,,SUB: Payton II FOR Lee,,,5,1627814,Damion Lee,1610612744.0,Golden State,Warriors,GSW,5,1627780,Gary Payton II,1610612744.0,Golden State,Warriors,GSW,0,0,,,,,,0,SAS,GSW,1610612759,1610612744,2022-02-01,2022,GSW,substitution,,,0,,1816,0.0,0,0,0,0,0,0,,0,Keldon Johnson,1629640,Derrick White,1628401,Dejounte Murray,1627749,Keita Bates-Diop,1628966,Devin Vassell,1630170,Moses Moody,1630541,Juan Toscano-Anderson,1629308,Kevon Looney,1626172,Jordan Poole,1629673,Gary Payton II,1627780
0022100771,398,3,12,3,10:08 PM,5:44,,,Poole Free Throw 2 of 2 (19 PTS),82 - 88,6,5,1629673,Jordan Poole,1610612744.0,Golden State,Warriors,GSW,0,0,,,,,,0,0,,,,,,1,SAS,GSW,1610612759,1610612744,2022-02-01,2022,GSW,free-throw,,1.0,0,Free Throw 2 of 2,1816,0.0,0,1,0,0,0,0,,0,Keldon Johnson,1629640,Derrick White,1628401,Dejounte Murray,1627749,Keita Bates-Diop,1628966,Devin Vassell,1630170,Moses Moody,1630541,Juan Toscano-Anderson,1629308,Kevon Looney,1626172,Jordan Poole,1629673,Gary Payton II,1627780
0022100771,400,1,75,3,10:09 PM,5:33,Murray 1' Driving Finger Roll Layup (19 PTS),,,82 - 90,8,4,1627749,Dejounte Murray,1610612759.0,San Antonio,Spurs,SAS,0,0,,,,,,0,0,,,,,,1,SAS,GSW,1610612759,1610612744,2022-02-01,2022,SAS,shot,,1.0,0,Driving Finger Roll Layup Shot,1827,11.0,0,2,0,0,0,0,,0,Keldon Johnson,1629640,Derrick White,1628401,Dejounte Murray,1627749,Keita Bates-Diop,1628966,Devin Vassell,1630170,Moses Moody,1630541,Juan Toscano-Anderson,1629308,Kevon Looney,1626172,Jordan Poole,1629673,Gary Payton II,1627780
0022100771,401,6,2,3,10:09 PM,5:33,,,Looney S.FOUL (P2.T2) (M.Dagher),,,5,1626172,Kevon Looney,1610612744.0,Golden State,Warriors,GSW,4,1627749,Dejounte Murray,1610612759.0,San Antonio,Spurs,SAS,1,0,,,,,,1,SAS,GSW,1610612759,1610612744,2022-02-01,2022,GSW,foul,,,0,,1827,0.0,0,0,0,0,0,0,shooting,0,Keldon Johnson,1629640,Derrick White,1628401,Dejounte Murray,1627749,Keita Bates-Diop,1628966,Devin Vassell,1630170,Moses Moody,1630541,Juan Toscano-Anderson,1629308,Kevon Looney,1626172,Jordan Poole,1629673,Gary Payton II,1627780
0022100771,403,8,0,3,10:09 PM,5:33,SUB: Walker IV FOR White,,,,,4,1628401,Derrick White,1610612759.0,San Antonio,Spurs,SAS,4,1629022,Lonnie Walker IV,1610612759.0,San Antonio,Spurs,SAS,0,0,,,,,,0,SAS,GSW,1610612759,1610612744,2022-02-01,2022,SAS,substitution,,,0,,1827,0.0,0,0,0,0,0,0,,0,Keldon Johnson,1629640,Dejounte Murray,1627749,Keita Bates-Diop,1628966,Devin Vassell,1630170,Lonnie Walker IV,1629022,Moses Moody,1630541,Juan Toscano-Anderson,1629308,Kevon Looney,1626172,Jordan Poole,1629673,Gary Payton II,1627780
0022100771,405,3,10,3,10:09 PM,5:33,MISS Murray Free Throw 1 of 1,,,,,4,1627749,Dejounte Murray,1610612759.0,San Antonio,Spurs,SAS,0,0,,,,,,0,0,,,,,,1,SAS,GSW,1610612759,1610612744,2022-02-01,2022,SAS,free-throw,,0.0,0,Free Throw 1 of 1,1827,0.0,0,0,0,0,0,0,,0,Keldon Johnson,1629640,Dejounte Murray,1627749,Keita Bates-Diop,1628966,Devin Vassell,1630170,Lonnie Walker IV,1629022,Moses Moody,1630541,Juan Toscano-Anderson,1629308,Kevon Looney,1626172,Jordan Poole,1629673,Gary Payton II,1627780
0022100771,406,4,0,3,10:09 PM,5:30,,,Looney REBOUND (Off:6 Def:6),,,5,1626172,Kevon Looney,1610612744.0,Golden State,Warriors,GSW,0,0,,,,,,0,0,,,,,,1,SAS,GSW,1610612759,1610612744,2022-02-01,2022,GSW,rebound,,,0,,1830,3.0,0,0,0,1,0,0,,0,Keldon Johnson,1629640,Dejounte Murray,1627749,Keita Bates-Diop,1628966,Devin Vassell,1630170,Lonnie Walker IV,1629022,Moses Moody,1630541,Juan Toscano-Anderson,1629308,Kevon Looney,1626172,Jordan Poole,1629673,Gary Payton II,1627780
0022100771,407,6,1,3,10:09 PM,5:18,Vassell P.FOUL (P1.T4) (M.Dagher),,,,,4,1630170,Devin Vassell,1610612759.0,San Antonio,Spurs,SAS,5,1629673,Jordan Poole,1610612744.0,Golden State,Warriors,GSW,1,0,,,,,,1,SAS,GSW,1610612759,1610612744,2022-02-01,2022,SAS,foul,,,0,,1842,12.0,0,0,0,0,0,0,personal,0,Keldon Johnson,1629640,Dejounte Murray,1627749,Keita Bates-Diop,1628966,Devin Vassell,1630170,Lonnie Walker IV,1629022,Moses Moody,1630541,Juan Toscano-Anderson,1629308,Kevon Looney,1626172,Jordan Poole,1629673,Gary Payton II,1627780
0022100771,409,5,45,3,10:10 PM,5:15,,,Toscano-Anderson Out of Bounds - Bad Pass Turnover Turnover (P2.T13),,,5,1629308,Juan Toscano-Anderson,1610612744.0,Golden State,Warriors,GSW,0,0,,,,,,1,0,,,,,,1,SAS,GSW,1610612759,1610612744,2022-02-01,2022,GSW,turnover,,,0,,1845,3.0,0,0,0,0,1,0,,0,Keldon Johnson,1629640,Dejounte Murray,1627749,Keita Bates-Diop,1628966,Devin Vassell,1630170,Lonnie Walker IV,1629022,Moses Moody,1630541,Juan Toscano-Anderson,1629308,Kevon Looney,1626172,Jordan Poole,1629673,Gary Payton II,1627780
0022100771,410,1,75,3,10:10 PM,4:57,Murray 3' Driving Finger Roll Layup (21 PTS),,,82 - 92,10,4,1627749,Dejounte Murray,1610612759.0,San Antonio,Spurs,SAS,0,0,,,,,,0,0,,,,,,1,SAS,GSW,1610612759,1610612744,2022-02-01,2022,SAS,shot,,1.0,0,Driving Finger Roll Layup Shot,1863,18.0,0,2,0,0,0,0,,0,Keldon Johnson,1629640,Dejounte Murray,1627749,Keita Bates-Diop,1628966,Devin Vassell,1630170,Lonnie Walker IV,1629022,Moses Moody,1630541,Juan Toscano-Anderson,1629308,Kevon Looney,1626172,Jordan Poole,1629673,Gary Payton II,1627780
0022100771,411,1,1,3,10:10 PM,4:45,,,Poole 25' 3PT Jump Shot (22 PTS) (Looney 3 AST),85 - 92,7,5,1629673,Jordan Poole,1610612744.0,Golden State,Warriors,GSW,5,1626172,Kevon Looney,1610612744.0,Golden State,Warriors,GSW,0,0,,,,,,1,SAS,GSW,1610612759,1610612744,2022-02-01,2022,GSW,shot,,1.0,0,Jump Shot,1875,12.0,1,3,0,0,0,0,,0,Keldon Johnson,1629640,Dejounte Murray,1627749,Keita Bates-Diop,1628966,Devin Vassell,1630170,Lonnie Walker IV,1629022,Moses Moody,1630541,Juan Toscano-Anderson,1629308,Kevon Looney,1626172,Jordan Poole,1629673,Gary Payton II,1627780
0022100771,413,1,1,3,10:11 PM,4:31,Johnson 25' 3PT Jump Shot (19 PTS) (Murray 6 AST),,,85 - 95,10,4,1629640,Keldon Johnson,1610612759.0,San Antonio,Spurs,SAS,4,1627749,Dejounte Murray,1610612759.0,San Antonio,Spurs,SAS,0,0,,,,,,1,SAS,GSW,1610612759,1610612744,2022-02-01,2022,SAS,shot,,1.0,0,Jump Shot,1889,14.0,1,3,0,0,0,0,,0,Keldon Johnson,1629640,Dejounte Murray,1627749,Keita Bates-Diop,1628966,Devin Vassell,1630170,Lonnie Walker IV,1629022,Moses Moody,1630541,Juan Toscano-Anderson,1629308,Kevon Looney,1626172,Jordan Poole,1629673,Gary Payton II,1627780
0022100771,415,2,98,3,10:11 PM,4:15,Walker IV BLOCK (1 BLK),,MISS Toscano-Anderson 3' Cutting Layup Shot,,,5,1629308,Juan Toscano-Anderson,1610612744.0,Golden State,Warriors,GSW,0,0,,,,,,4,1629022,Lonnie Walker IV,1610612759.0,San Antonio,Spurs,SAS,1,SAS,GSW,1610612759,1610612744,2022-02-01,2022,GSW,missed_shot,,0.0,1,Cutting Layup Shot,1905,16.0,0,0,0,0,0,0,,0,Keldon Johnson,1629640,Dejounte Murray,1627749,Keita Bates-Diop,1628966,Devin Vassell,1630170,Lonnie Walker IV,1629022,Moses Moody,1630541,Juan Toscano-Anderson,1629308,Kevon Looney,1626172,Jordan Poole,1629673,Gary Payton II,1627780
0022100771,416,4,0,3,10:11 PM,4:11,Murray REBOUND (Off:1 Def:7),,,,,4,1627749,Dejounte Murray,1610612759.0,San Antonio,Spurs,SAS,0,0,,,,,,0,0,,,,,,1,SAS,GSW,1610612759,1610612744,2022-02-01,2022,SAS,rebound,,,0,,1909,4.0,0,0,0,1,0,0,,0,Keldon Johnson,1629640,Dejounte Murray,1627749,Keita Bates-Diop,1628966,Devin Vassell,1630170,Lonnie Walker IV,1629022,Moses Moody,1630541,Juan Toscano-Anderson,1629308,Kevon Looney,1626172,Jordan Poole,1629673,Gary Payton II,1627780
0022100771,417,1,74,3,10:11 PM,4:09,Walker IV 2' Running Reverse Layup (5 PTS) (Murray 7 AST),,,85 - 97,12,4,1629022,Lonnie Walker IV,1610612759.0,San Antonio,Spurs,SAS,4,1627749,Dejounte Murray,1610612759.0,San Antonio,Spurs,SAS,0,0,,,,,,1,SAS,GSW,1610612759,1610612744,2022-02-01,2022,SAS,shot,,1.0,0,Running Reverse Layup Shot,1911,2.0,0,2,0,0,0,0,,0,Keldon Johnson,1629640,Dejounte Murray,1627749,Keita Bates-Diop,1628966,Devin Vassell,1630170,Lonnie Walker IV,1629022,Moses Moody,1630541,Juan Toscano-Anderson,1629308,Kevon Looney,1626172,Jordan Poole,1629673,Gary Payton II,1627780
0022100771,419,9,1,3,10:11 PM,4:09,,,Warriors Timeout: Regular (Reg.5 Short 0),,,3,1610612744,,,,,,0,0,,,,,,0,0,,,,,,0,SAS,GSW,1610612759,1610612744,2022-02-01,2022,GSW,team-timeout,,,0,,1911,0.0,0,0,0,0,0,0,,0,Keldon Johnson,1629640,Dejounte Murray,1627749,Keita Bates-Diop,1628966,Devin Vassell,1630170,Lonnie Walker IV,1629022,Moses Moody,1630541,Juan Toscano-Anderson,1629308,Kevon Looney,1626172,Jordan Poole,1629673,Gary Payton II,1627780
0022100771,421,8,0,3,10:12 PM,4:09,,,SUB: Kuminga FOR Toscano-Anderson,,,5,1629308,Juan Toscano-Anderson,1610612744.0,Golden State,Warriors,GSW,5,1630228,Jonathan Kuminga,1610612744.0,Golden State,Warriors,GSW,0,0,,,,,,0,SAS,GSW,1610612759,1610612744,2022-02-01,2022,GSW,substitution,,,0,,1911,0.0,0,0,0,0,0,0,,0,Keldon Johnson,1629640,Dejounte Murray,1627749,Keita Bates-Diop,1628966,Devin Vassell,1630170,Lonnie Walker IV,1629022,Moses Moody,1630541,Kevon Looney,1626172,Jordan Poole,1629673,Gary Payton II,1627780,Jonathan Kuminga,1630228
0022100771,431,8,0,3,10:12 PM,4:09,,,SUB: Chiozza FOR Looney,,,5,1626172,Kevon Looney,1610612744.0,Golden State,Warriors,GSW,5,1629185,Chris Chiozza,1610612744.0,Golden State,Warriors,GSW,0,0,,,,,,0,SAS,GSW,1610612759,1610612744,2022-02-01,2022,GSW,substitution,,,0,,1911,0.0,0,0,0,0,0,0,,0,Keldon Johnson,1629640,Dejounte Murray,1627749,Keita Bates-Diop,1628966,Devin Vassell,1630170,Lonnie Walker IV,1629022,Moses Moody,1630541,Jordan Poole,1629673,Gary Payton II,1627780,Jonathan Kuminga,1630228,Chris Chiozza,1629185
0022100771,423,2,80,3,10:13 PM,3:52,,,MISS Poole 3PT Step Back Jump Shot,,,5,1629673,Jordan Poole,1610612744.0,Golden State,Warriors,GSW,0,0,,,,,,0,0,,,,,,1,SAS,GSW,1610612759,1610612744,2022-02-01,2022,GSW,missed_shot,,0.0,0,Step Back Jump shot,1928,17.0,1,0,0,0,0,0,,0,Keldon Johnson,1629640,Dejounte Murray,1627749,Keita Bates-Diop,1628966,Devin Vassell,1630170,Lonnie Walker IV,1629022,Moses Moody,1630541,Jordan Poole,1629673,Gary Payton II,1627780,Jonathan Kuminga,1630228,Chris Chiozza,1629185
0022100771,424,4,0,3,10:13 PM,3:47,Vassell REBOUND (Off:0 Def:3),,,,,4,1630170,Devin Vassell,1610612759.0,San Antonio,Spurs,SAS,0,0,,,,,,0,0,,,,,,1,SAS,GSW,1610612759,1610612744,2022-02-01,2022,SAS,rebound,,,0,,1933,5.0,0,0,0,1,0,0,,0,Keldon Johnson,1629640,Dejounte Murray,1627749,Keita Bates-Diop,1628966,Devin Vassell,1630170,Lonnie Walker IV,1629022,Moses Moody,1630541,Jordan Poole,1629673,Gary Payton II,1627780,Jonathan Kuminga,1630228,Chris Chiozza,1629185
0022100771,425,2,6,3,10:13 PM,3:46,MISS Murray 5' Driving Layup,,Poole BLOCK (1 BLK),,,4,1627749,Dejounte Murray,1610612759.0,San Antonio,Spurs,SAS,0,0,,,,,,5,1629673,Jordan Poole,1610612744.0,Golden State,Warriors,GSW,1,SAS,GSW,1610612759,1610612744,2022-02-01,2022,SAS,missed_shot,,0.0,1,Driving Layup Shot,1934,1.0,0,0,0,0,0,0,,0,Keldon Johnson,1629640,Dejounte Murray,1627749,Keita Bates-Diop,1628966,Devin Vassell,1630170,Lonnie Walker IV,1629022,Moses Moody,1630541,Jordan Poole,1629673,Gary Payton II,1627780,Jonathan Kuminga,1630228,Chris Chiozza,1629185
0022100771,427,4,0,3,10:13 PM,3:46,,,Warriors Rebound,,,3,1610612744,,,,,,0,0,,,,,,0,0,,,,,,0,SAS,GSW,1610612759,1610612744,2022-02-01,2022,GSW,rebound,,,0,,1934,0.0,0,0,0,0,0,0,,0,Keldon Johnson,1629640,Dejounte Murray,1627749,Keita Bates-Diop,1628966,Devin Vassell,1630170,Lonnie Walker IV,1629022,Moses Moody,1630541,Jordan Poole,1629673,Gary Payton II,1627780,Jonathan Kuminga,1630228,Chris Chiozza,1629185
0022100771,429,8,0,3,10:13 PM,3:46,SUB: Primo FOR Johnson,,,,,4,1629640,Keldon Johnson,1610612759.0,San Antonio,Spurs,SAS,4,1630563,Joshua Primo,1610612759.0,San Antonio,Spurs,SAS,0,0,,,,,,0,SAS,GSW,1610612759,1610612744,2022-02-01,2022,SAS,substitution,,,0,,1934,0.0,0,0,0,0,0,0,,0,Dejounte Murray,1627749,Keita Bates-Diop,1628966,Devin Vassell,1630170,Lonnie Walker IV,1629022,Joshua Primo,1630563,Moses Moody,1630541,Jordan Poole,1629673,Gary Payton II,1627780,Jonathan Kuminga,1630228,Chris Chiozza,1629185
0022100771,433,2,79,3,10:14 PM,3:22,,,MISS Kuminga 25' 3PT Pullup Jump Shot,,,5,1630228,Jonathan Kuminga,1610612744.0,Golden State,Warriors,GSW,0,0,,,,,,0,0,,,,,,1,SAS,GSW,1610612759,1610612744,2022-02-01,2022,GSW,missed_shot,,0.0,0,Pullup Jump shot,1958,24.0,1,0,0,0,0,0,,0,Dejounte Murray,1627749,Keita Bates-Diop,1628966,Devin Vassell,1630170,Lonnie Walker IV,1629022,Joshua Primo,1630563,Moses Moody,1630541,Jordan Poole,1629673,Gary Payton II,1627780,Jonathan Kuminga,1630228,Chris Chiozza,1629185
0022100771,434,4,0,3,10:14 PM,3:21,,,Warriors Rebound,,,3,1610612744,,,,,,0,0,,,,,,0,0,,,,,,0,SAS,GSW,1610612759,1610612744,2022-02-01,2022,GSW,rebound,,,0,,1959,1.0,0,0,0,0,0,0,,0,Dejounte Murray,1627749,Keita Bates-Diop,1628966,Devin Vassell,1630170,Lonnie Walker IV,1629022,Joshua Primo,1630563,Moses Moody,1630541,Jordan Poole,1629673,Gary Payton II,1627780,Jonathan Kuminga,1630228,Chris Chiozza,1629185
0022100771,435,5,11,3,10:14 PM,3:21,,,Warriors Turnover: Shot Clock (T#14),,,3,1610612744,,,,,,0,0,,,,,,1,0,,,,,,0,SAS,GSW,1610612759,1610612744,2022-02-01,2022,GSW,turnover,,,0,,1959,0.0,0,0,0,0,1,0,,0,Dejounte Murray,1627749,Keita Bates-Diop,1628966,Devin Vassell,1630170,Lonnie Walker IV,1629022,Joshua Primo,1630563,Moses Moody,1630541,Jordan Poole,1629673,Gary Payton II,1627780,Jonathan Kuminga,1630228,Chris Chiozza,1629185
0022100771,436,1,1,3,10:14 PM,3:05,Vassell 25' 3PT Jump Shot (14 PTS) (Walker IV 3 AST),,,85 - 100,15,4,1630170,Devin Vassell,1610612759.0,San Antonio,Spurs,SAS,4,1629022,Lonnie Walker IV,1610612759.0,San Antonio,Spurs,SAS,0,0,,,,,,1,SAS,GSW,1610612759,1610612744,2022-02-01,2022,SAS,shot,,1.0,0,Jump Shot,1975,16.0,1,3,0,0,0,0,,0,Dejounte Murray,1627749,Keita Bates-Diop,1628966,Devin Vassell,1630170,Lonnie Walker IV,1629022,Joshua Primo,1630563,Moses Moody,1630541,Jordan Poole,1629673,Gary Payton II,1627780,Jonathan Kuminga,1630228,Chris Chiozza,1629185
0022100771,438,1,6,3,10:14 PM,2:52,,,Poole 2' Driving Layup (24 PTS),87 - 100,13,5,1629673,Jordan Poole,1610612744.0,Golden State,Warriors,GSW,0,0,,,,,,0,0,,,,,,1,SAS,GSW,1610612759,1610612744,2022-02-01,2022,GSW,shot,,1.0,0,Driving Layup Shot,1988,13.0,0,2,0,0,0,0,,0,Dejounte Murray,1627749,Keita Bates-Diop,1628966,Devin Vassell,1630170,Lonnie Walker IV,1629022,Joshua Primo,1630563,Moses Moody,1630541,Jordan Poole,1629673,Gary Payton II,1627780,Jonathan Kuminga,1630228,Chris Chiozza,1629185
0022100771,439,1,9,3,10:15 PM,2:38,Walker IV 1' Driving Dunk (7 PTS) (Murray 8 AST),,,87 - 102,15,4,1629022,Lonnie Walker IV,1610612759.0,San Antonio,Spurs,SAS,4,1627749,Dejounte Murray,1610612759.0,San Antonio,Spurs,SAS,0,0,,,,,,1,SAS,GSW,1610612759,1610612744,2022-02-01,2022,SAS,shot,,1.0,0,Driving Dunk Shot,2002,14.0,0,2,0,0,0,0,,0,Dejounte Murray,1627749,Keita Bates-Diop,1628966,Devin Vassell,1630170,Lonnie Walker IV,1629022,Joshua Primo,1630563,Moses Moody,1630541,Jordan Poole,1629673,Gary Payton II,1627780,Jonathan Kuminga,1630228,Chris Chiozza,1629185
0022100771,441,2,1,3,10:15 PM,2:19,,,MISS Poole 26' 3PT Jump Shot,,,5,1629673,Jordan Poole,1610612744.0,Golden State,Warriors,GSW,0,0,,,,,,0,0,,,,,,1,SAS,GSW,1610612759,1610612744,2022-02-01,2022,GSW,missed_shot,,0.0,0,Jump Shot,2021,19.0,1,0,0,0,0,0,,0,Dejounte Murray,1627749,Keita Bates-Diop,1628966,Devin Vassell,1630170,Lonnie Walker IV,1629022,Joshua Primo,1630563,Moses Moody,1630541,Jordan Poole,1629673,Gary Payton II,1627780,Jonathan Kuminga,1630228,Chris Chiozza,1629185
0022100771,442,4,0,3,10:15 PM,2:19,Bates-Diop REBOUND (Off:0 Def:1),,,,,4,1628966,Keita Bates-Diop,1610612759.0,San Antonio,Spurs,SAS,0,0,,,,,,0,0,,,,,,1,SAS,GSW,1610612759,1610612744,2022-02-01,2022,SAS,rebound,,,0,,2021,0.0,0,0,0,1,0,0,,0,Dejounte Murray,1627749,Keita Bates-Diop,1628966,Devin Vassell,1630170,Lonnie Walker IV,1629022,Joshua Primo,1630563,Moses Moody,1630541,Jordan Poole,1629673,Gary Payton II,1627780,Jonathan Kuminga,1630228,Chris Chiozza,1629185
0022100771,443,1,6,3,10:15 PM,2:02,Walker IV 1' Driving Layup (9 PTS) (Murray 9 AST),,,87 - 104,17,4,1629022,Lonnie Walker IV,1610612759.0,San Antonio,Spurs,SAS,4,1627749,Dejounte Murray,1610612759.0,San Antonio,Spurs,SAS,0,0,,,,,,1,SAS,GSW,1610612759,1610612744,2022-02-01,2022,SAS,shot,,1.0,0,Driving Layup Shot,2038,17.0,0,2,0,0,0,0,,0,Dejounte Murray,1627749,Keita Bates-Diop,1628966,Devin Vassell,1630170,Lonnie Walker IV,1629022,Joshua Primo,1630563,Moses Moody,1630541,Jordan Poole,1629673,Gary Payton II,1627780,Jonathan Kuminga,1630228,Chris Chiozza,1629185
0022100771,445,2,98,3,10:16 PM,1:38,,,MISS Payton II 1' Cutting Layup Shot,,,5,1627780,Gary Payton II,1610612744.0,Golden State,Warriors,GSW,0,0,,,,,,0,0,,,,,,1,SAS,GSW,1610612759,1610612744,2022-02-01,2022,GSW,missed_shot,,0.0,0,Cutting Layup Shot,2062,24.0,0,0,0,0,0,0,,0,Dejounte Murray,1627749,Keita Bates-Diop,1628966,Devin Vassell,1630170,Lonnie Walker IV,1629022,Joshua Primo,1630563,Moses Moody,1630541,Jordan Poole,1629673,Gary Payton II,1627780,Jonathan Kuminga,1630228,Chris Chiozza,1629185
0022100771,446,4,0,3,10:16 PM,1:36,Primo REBOUND (Off:1 Def:1),,,,,4,1630563,Joshua Primo,1610612759.0,San Antonio,Spurs,SAS,0,0,,,,,,0,0,,,,,,1,SAS,GSW,1610612759,1610612744,2022-02-01,2022,SAS,rebound,,,0,,2064,2.0,0,0,0,1,0,0,,0,Dejounte Murray,1627749,Keita Bates-Diop,1628966,Devin Vassell,1630170,Lonnie Walker IV,1629022,Joshua Primo,1630563,Moses Moody,1630541,Jordan Poole,1629673,Gary Payton II,1627780,Jonathan Kuminga,1630228,Chris Chiozza,1629185
0022100771,447,5,1,3,10:16 PM,1:32,Murray Bad Pass Turnover (P3.T8),,Poole STEAL (1 STL),,,4,1627749,Dejounte Murray,1610612759.0,San Antonio,Spurs,SAS,5,1629673,Jordan Poole,1610612744.0,Golden State,Warriors,GSW,0,0,,,,,,1,SAS,GSW,1610612759,1610612744,2022-02-01,2022,SAS,turnover,,,0,,2068,4.0,0,0,0,0,1,1,,0,Dejounte Murray,1627749,Keita Bates-Diop,1628966,Devin Vassell,1630170,Lonnie Walker IV,1629022,Joshua Primo,1630563,Moses Moody,1630541,Jordan Poole,1629673,Gary Payton II,1627780,Jonathan Kuminga,1630228,Chris Chiozza,1629185
0022100771,449,6,1,3,10:16 PM,1:28,Walker IV P.FOUL (P1.PN) (M.Lindsay),,,,,4,1629022,Lonnie Walker IV,1610612759.0,San Antonio,Spurs,SAS,5,1629673,Jordan Poole,1610612744.0,Golden State,Warriors,GSW,1,0,,,,,,1,SAS,GSW,1610612759,1610612744,2022-02-01,2022,SAS,foul,,,0,,2072,4.0,0,0,0,0,0,0,personal,0,Dejounte Murray,1627749,Keita Bates-Diop,1628966,Devin Vassell,1630170,Lonnie Walker IV,1629022,Joshua Primo,1630563,Moses Moody,1630541,Jordan Poole,1629673,Gary Payton II,1627780,Jonathan Kuminga,1630228,Chris Chiozza,1629185
0022100771,451,3,11,3,10:16 PM,1:28,,,Poole Free Throw 1 of 2 (25 PTS),88 - 104,16,5,1629673,Jordan Poole,1610612744.0,Golden State,Warriors,GSW,0,0,,,,,,0,0,,,,,,1,SAS,GSW,1610612759,1610612744,2022-02-01,2022,GSW,free-throw,,1.0,0,Free Throw 1 of 2,2072,0.0,0,1,0,0,0,0,,0,Dejounte Murray,1627749,Keita Bates-Diop,1628966,Devin Vassell,1630170,Lonnie Walker IV,1629022,Joshua Primo,1630563,Moses Moody,1630541,Jordan Poole,1629673,Gary Payton II,1627780,Jonathan Kuminga,1630228,Chris Chiozza,1629185
0022100771,452,8,0,3,10:16 PM,1:28,SUB: White FOR Murray,,,,,4,1627749,Dejounte Murray,1610612759.0,San Antonio,Spurs,SAS,4,1628401,Derrick White,1610612759.0,San Antonio,Spurs,SAS,0,0,,,,,,0,SAS,GSW,1610612759,1610612744,2022-02-01,2022,SAS,substitution,,,0,,2072,0.0,0,0,0,0,0,0,,0,Keita Bates-Diop,1628966,Devin Vassell,1630170,Lonnie Walker IV,1629022,Joshua Primo,1630563,Derrick White,1628401,Moses Moody,1630541,Jordan Poole,1629673,Gary Payton II,1627780,Jonathan Kuminga,1630228,Chris Chiozza,1629185
0022100771,453,8,0,3,10:16 PM,1:28,,,SUB: Lee FOR Moody,,,5,1630541,Moses Moody,1610612744.0,Golden State,Warriors,GSW,5,1627814,Damion Lee,1610612744.0,Golden State,Warriors,GSW,0,0,,,,,,0,SAS,GSW,1610612759,1610612744,2022-02-01,2022,GSW,substitution,,,0,,2072,0.0,0,0,0,0,0,0,,0,Keita Bates-Diop,1628966,Devin Vassell,1630170,Lonnie Walker IV,1629022,Joshua Primo,1630563,Derrick White,1628401,Jordan Poole,1629673,Gary Payton II,1627780,Jonathan Kuminga,1630228,Chris Chiozza,1629185,Damion Lee,1627814
0022100771,456,3,12,3,10:17 PM,1:28,,,Poole Free Throw 2 of 2 (26 PTS),89 - 104,15,5,1629673,Jordan Poole,1610612744.0,Golden State,Warriors,GSW,0,0,,,,,,0,0,,,,,,1,SAS,GSW,1610612759,1610612744,2022-02-01,2022,GSW,free-throw,,1.0,0,Free Throw 2 of 2,2072,0.0,0,1,0,0,0,0,,0,Keita Bates-Diop,1628966,Devin Vassell,1630170,Lonnie Walker IV,1629022,Joshua Primo,1630563,Derrick White,1628401,Jordan Poole,1629673,Gary Payton II,1627780,Jonathan Kuminga,1630228,Chris Chiozza,1629185,Damion Lee,1627814
0022100771,457,2,1,3,10:17 PM,1:18,MISS Walker IV 25' 3PT Jump Shot,,,,,4,1629022,Lonnie Walker IV,1610612759.0,San Antonio,Spurs,SAS,0,0,,,,,,0,0,,,,,,1,SAS,GSW,1610612759,1610612744,2022-02-01,2022,SAS,missed_shot,,0.0,0,Jump Shot,2082,10.0,1,0,0,0,0,0,,0,Keita Bates-Diop,1628966,Devin Vassell,1630170,Lonnie Walker IV,1629022,Joshua Primo,1630563,Derrick White,1628401,Jordan Poole,1629673,Gary Payton II,1627780,Jonathan Kuminga,1630228,Chris Chiozza,1629185,Damion Lee,1627814
0022100771,458,4,0,3,10:17 PM,1:12,,,Payton II REBOUND (Off:0 Def:1),,,5,1627780,Gary Payton II,1610612744.0,Golden State,Warriors,GSW,0,0,,,,,,0,0,,,,,,1,SAS,GSW,1610612759,1610612744,2022-02-01,2022,GSW,rebound,,,0,,2088,6.0,0,0,0,1,0,0,,0,Keita Bates-Diop,1628966,Devin Vassell,1630170,Lonnie Walker IV,1629022,Joshua Primo,1630563,Derrick White,1628401,Jordan Poole,1629673,Gary Payton II,1627780,Jonathan Kuminga,1630228,Chris Chiozza,1629185,Damion Lee,1627814
0022100771,459,2,80,3,10:17 PM,1:01,,,MISS Chiozza 19' Step Back Jump Shot,,,5,1629185,Chris Chiozza,1610612744.0,Golden State,Warriors,GSW,0,0,,,,,,0,0,,,,,,1,SAS,GSW,1610612759,1610612744,2022-02-01,2022,GSW,missed_shot,,0.0,0,Step Back Jump shot,2099,11.0,0,0,0,0,0,0,,0,Keita Bates-Diop,1628966,Devin Vassell,1630170,Lonnie Walker IV,1629022,Joshua Primo,1630563,Derrick White,1628401,Jordan Poole,1629673,Gary Payton II,1627780,Jonathan Kuminga,1630228,Chris Chiozza,1629185,Damion Lee,1627814
0022100771,460,4,0,3,10:17 PM,0:58,Vassell REBOUND (Off:0 Def:4),,,,,4,1630170,Devin Vassell,1610612759.0,San Antonio,Spurs,SAS,0,0,,,,,,0,0,,,,,,1,SAS,GSW,1610612759,1610612744,2022-02-01,2022,SAS,rebound,,,0,,2102,3.0,0,0,0,1,0,0,,0,Keita Bates-Diop,1628966,Devin Vassell,1630170,Lonnie Walker IV,1629022,Joshua Primo,1630563,Derrick White,1628401,Jordan Poole,1629673,Gary Payton II,1627780,Jonathan Kuminga,1630228,Chris Chiozza,1629185,Damion Lee,1627814
0022100771,461,2,6,3,10:18 PM,0:51,MISS Walker IV 3' Driving Layup,,Payton II BLOCK (1 BLK),,,4,1629022,Lonnie Walker IV,1610612759.0,San Antonio,Spurs,SAS,0,0,,,,,,5,1627780,Gary Payton II,1610612744.0,Golden State,Warriors,GSW,1,SAS,GSW,1610612759,1610612744,2022-02-01,2022,SAS,missed_shot,,0.0,1,Driving Layup Shot,2109,7.0,0,0,0,0,0,0,,0,Keita Bates-Diop,1628966,Devin Vassell,1630170,Lonnie Walker IV,1629022,Joshua Primo,1630563,Derrick White,1628401,Jordan Poole,1629673,Gary Payton II,1627780,Jonathan Kuminga,1630228,Chris Chiozza,1629185,Damion Lee,1627814
0022100771,463,4,0,3,10:18 PM,0:51,,,Warriors Rebound,,,3,1610612744,,,,,,0,0,,,,,,0,0,,,,,,0,SAS,GSW,1610612759,1610612744,2022-02-01,2022,GSW,rebound,,,0,,2109,0.0,0,0,0,0,0,0,,0,Keita Bates-Diop,1628966,Devin Vassell,1630170,Lonnie Walker IV,1629022,Joshua Primo,1630563,Derrick White,1628401,Jordan Poole,1629673,Gary Payton II,1627780,Jonathan Kuminga,1630228,Chris Chiozza,1629185,Damion Lee,1627814
0022100771,465,8,0,3,10:18 PM,0:51,,,SUB: Weatherspoon FOR Poole,,,5,1629673,Jordan Poole,1610612744.0,Golden State,Warriors,GSW,5,1629683,Quinndary Weatherspoon,1610612744.0,Golden State,Warriors,GSW,0,0,,,,,,0,SAS,GSW,1610612759,1610612744,2022-02-01,2022,GSW,substitution,,,0,,2109,0.0,0,0,0,0,0,0,,0,Keita Bates-Diop,1628966,Devin Vassell,1630170,Lonnie Walker IV,1629022,Joshua Primo,1630563,Derrick White,1628401,Gary Payton II,1627780,Jonathan Kuminga,1630228,Chris Chiozza,1629185,Damion Lee,1627814,Quinndary Weatherspoon,1629683
0022100771,467,5,45,3,10:18 PM,0:29,,,Chiozza Out of Bounds - Bad Pass Turnover Turnover (P1.T15),,,5,1629185,Chris Chiozza,1610612744.0,Golden State,Warriors,GSW,0,0,,,,,,1,0,,,,,,1,SAS,GSW,1610612759,1610612744,2022-02-01,2022,GSW,turnover,,,0,,2131,22.0,0,0,0,0,1,0,,0,Keita Bates-Diop,1628966,Devin Vassell,1630170,Lonnie Walker IV,1629022,Joshua Primo,1630563,Derrick White,1628401,Gary Payton II,1627780,Jonathan Kuminga,1630228,Chris Chiozza,1629185,Damion Lee,1627814,Quinndary Weatherspoon,1629683
0022100771,468,2,99,3,10:19 PM,0:11,MISS Bates-Diop 2' Cutting Finger Roll Layup Shot,,,,,4,1628966,Keita Bates-Diop,1610612759.0,San Antonio,Spurs,SAS,0,0,,,,,,0,0,,,,,,1,SAS,GSW,1610612759,1610612744,2022-02-01,2022,SAS,missed_shot,,0.0,0,Cutting Finger Roll Layup Shot,2149,18.0,0,0,0,0,0,0,,0,Keita Bates-Diop,1628966,Devin Vassell,1630170,Lonnie Walker IV,1629022,Joshua Primo,1630563,Derrick White,1628401,Gary Payton II,1627780,Jonathan Kuminga,1630228,Chris Chiozza,1629185,Damion Lee,1627814,Quinndary Weatherspoon,1629683
0022100771,469,4,0,3,10:19 PM,0:08,,,Payton II REBOUND (Off:0 Def:2),,,5,1627780,Gary Payton II,1610612744.0,Golden State,Warriors,GSW,0,0,,,,,,0,0,,,,,,1,SAS,GSW,1610612759,1610612744,2022-02-01,2022,GSW,rebound,,,0,,2152,3.0,0,0,0,1,0,0,,0,Keita Bates-Diop,1628966,Devin Vassell,1630170,Lonnie Walker IV,1629022,Joshua Primo,1630563,Derrick White,1628401,Gary Payton II,1627780,Jonathan Kuminga,1630228,Chris Chiozza,1629185,Damion Lee,1627814,Quinndary Weatherspoon,1629683
0022100771,470,2,79,3,10:19 PM,0:00,Walker IV BLOCK (2 BLK),,MISS Lee 21' Pullup Jump Shot,,,5,1627814,Damion Lee,1610612744.0,Golden State,Warriors,GSW,0,0,,,,,,4,1629022,Lonnie Walker IV,1610612759.0,San Antonio,Spurs,SAS,1,SAS,GSW,1610612759,1610612744,2022-02-01,2022,GSW,missed_shot,,0.0,1,Pullup Jump shot,2160,8.0,0,0,0,0,0,0,,0,Keita Bates-Diop,1628966,Devin Vassell,1630170,Lonnie Walker IV,1629022,Joshua Primo,1630563,Derrick White,1628401,Gary Payton II,1627780,Jonathan Kuminga,1630228,Chris Chiozza,1629185,Damion Lee,1627814,Quinndary Weatherspoon,1629683
0022100771,472,4,0,3,10:19 PM,0:00,,,Warriors Rebound,,,3,1610612744,,,,,,0,0,,,,,,0,0,,,,,,0,SAS,GSW,1610612759,1610612744,2022-02-01,2022,GSW,rebound,,,0,,2160,0.0,0,0,0,0,0,0,,0,Keita Bates-Diop,1628966,Devin Vassell,1630170,Lonnie Walker IV,1629022,Joshua Primo,1630563,Derrick White,1628401,Gary Payton II,1627780,Jonathan Kuminga,1630228,Chris Chiozza,1629185,Damion Lee,1627814,Quinndary Weatherspoon,1629683
0022100771,473,13,0,3,10:19 PM,0:00,,End of 3rd Period (10:19 PM EST),,89 - 104,15,0,0,,,,,,0,0,,,,,,0,0,,,,,,1,SAS,GSW,1610612759,1610612744,2022-02-01,2022,GSW,period-end,,,0,,2160,0.0,0,0,0,0,0,0,,0,Keita Bates-Diop,1628966,Devin Vassell,1630170,Lonnie Walker IV,1629022,Joshua Primo,1630563,Derrick White,1628401,Gary Payton II,1627780,Jonathan Kuminga,1630228,Chris Chiozza,1629185,Damion Lee,1627814,Quinndary Weatherspoon,1629683
0022100771,476,12,0,4,10:22 PM,12:00,,Start of 4th Period (10:22 PM EST),,89 - 104,15,0,0,,,,,,0,0,,,,,,0,0,,,,,,0,SAS,GSW,1610612759,1610612744,2022-02-01,2022,GSW,period-start,,,0,,2160,0.0,0,0,0,0,0,0,,0,Keldon Johnson,1629640,Derrick White,1628401,Lonnie Walker IV,1629022,Devin Vassell,1630170,Joshua Primo,1630563,Damion Lee,1627814,Jonathan Kuminga,1630228,Gary Payton II,1627780,Chris Chiozza,1629185,Quinndary Weatherspoon,1629683
0022100771,477,2,79,4,10:22 PM,11:37,MISS Walker IV 17' Pullup Jump Shot,,,,,4,1629022,Lonnie Walker IV,1610612759.0,San Antonio,Spurs,SAS,0,0,,,,,,0,0,,,,,,1,SAS,GSW,1610612759,1610612744,2022-02-01,2022,SAS,missed_shot,,0.0,0,Pullup Jump shot,2183,23.0,0,0,0,0,0,0,,0,Keldon Johnson,1629640,Derrick White,1628401,Lonnie Walker IV,1629022,Devin Vassell,1630170,Joshua Primo,1630563,Damion Lee,1627814,Jonathan Kuminga,1630228,Gary Payton II,1627780,Chris Chiozza,1629185,Quinndary Weatherspoon,1629683
0022100771,478,4,0,4,10:22 PM,11:35,,,Payton II REBOUND (Off:0 Def:3),,,5,1627780,Gary Payton II,1610612744.0,Golden State,Warriors,GSW,0,0,,,,,,0,0,,,,,,1,SAS,GSW,1610612759,1610612744,2022-02-01,2022,GSW,rebound,,,0,,2185,2.0,0,0,0,1,0,0,,0,Keldon Johnson,1629640,Derrick White,1628401,Lonnie Walker IV,1629022,Devin Vassell,1630170,Joshua Primo,1630563,Damion Lee,1627814,Jonathan Kuminga,1630228,Gary Payton II,1627780,Chris Chiozza,1629185,Quinndary Weatherspoon,1629683
0022100771,479,2,80,4,10:22 PM,11:20,,,MISS Weatherspoon 25' 3PT Step Back Jump Shot,,,5,1629683,Quinndary Weatherspoon,1610612744.0,Golden State,Warriors,GSW,0,0,,,,,,0,0,,,,,,1,SAS,GSW,1610612759,1610612744,2022-02-01,2022,GSW,missed_shot,,0.0,0,Step Back Jump shot,2200,15.0,1,0,0,0,0,0,,0,Keldon Johnson,1629640,Derrick White,1628401,Lonnie Walker IV,1629022,Devin Vassell,1630170,Joshua Primo,1630563,Damion Lee,1627814,Jonathan Kuminga,1630228,Gary Payton II,1627780,Chris Chiozza,1629185,Quinndary Weatherspoon,1629683
0022100771,480,4,0,4,10:22 PM,11:15,White REBOUND (Off:0 Def:3),,,,,4,1628401,Derrick White,1610612759.0,San Antonio,Spurs,SAS,0,0,,,,,,0,0,,,,,,1,SAS,GSW,1610612759,1610612744,2022-02-01,2022,SAS,rebound,,,0,,2205,5.0,0,0,0,1,0,0,,0,Keldon Johnson,1629640,Derrick White,1628401,Lonnie Walker IV,1629022,Devin Vassell,1630170,Joshua Primo,1630563,Damion Lee,1627814,Jonathan Kuminga,1630228,Gary Payton II,1627780,Chris Chiozza,1629185,Quinndary Weatherspoon,1629683
0022100771,481,5,2,4,10:23 PM,11:07,White Lost Ball Turnover (P2.T9),,Payton II STEAL (3 STL),,,4,1628401,Derrick White,1610612759.0,San Antonio,Spurs,SAS,5,1627780,Gary Payton II,1610612744.0,Golden State,Warriors,GSW,0,0,,,,,,1,SAS,GSW,1610612759,1610612744,2022-02-01,2022,SAS,turnover,,,0,,2213,8.0,0,0,0,0,1,1,,0,Keldon Johnson,1629640,Derrick White,1628401,Lonnie Walker IV,1629022,Devin Vassell,1630170,Joshua Primo,1630563,Damion Lee,1627814,Jonathan Kuminga,1630228,Gary Payton II,1627780,Chris Chiozza,1629185,Quinndary Weatherspoon,1629683
0022100771,483,2,2,4,10:23 PM,11:03,,,MISS Chiozza 25' 3PT Running Jump Shot,,,5,1629185,Chris Chiozza,1610612744.0,Golden State,Warriors,GSW,0,0,,,,,,0,0,,,,,,1,SAS,GSW,1610612759,1610612744,2022-02-01,2022,GSW,missed_shot,,0.0,0,Running Jump Shot,2217,4.0,1,0,0,0,0,0,,0,Keldon Johnson,1629640,Derrick White,1628401,Lonnie Walker IV,1629022,Devin Vassell,1630170,Joshua Primo,1630563,Damion Lee,1627814,Jonathan Kuminga,1630228,Gary Payton II,1627780,Chris Chiozza,1629185,Quinndary Weatherspoon,1629683
0022100771,484,4,0,4,10:23 PM,10:59,Vassell REBOUND (Off:0 Def:5),,,,,4,1630170,Devin Vassell,1610612759.0,San Antonio,Spurs,SAS,0,0,,,,,,0,0,,,,,,1,SAS,GSW,1610612759,1610612744,2022-02-01,2022,SAS,rebound,,,0,,2221,4.0,0,0,0,1,0,0,,0,Keldon Johnson,1629640,Derrick White,1628401,Lonnie Walker IV,1629022,Devin Vassell,1630170,Joshua Primo,1630563,Damion Lee,1627814,Jonathan Kuminga,1630228,Gary Payton II,1627780,Chris Chiozza,1629185,Quinndary Weatherspoon,1629683
0022100771,485,2,1,4,10:23 PM,10:48,MISS Primo 24' 3PT Jump Shot,,,,,4,1630563,Joshua Primo,1610612759.0,San Antonio,Spurs,SAS,0,0,,,,,,0,0,,,,,,1,SAS,GSW,1610612759,1610612744,2022-02-01,2022,SAS,missed_shot,,0.0,0,Jump Shot,2232,11.0,1,0,0,0,0,0,,0,Keldon Johnson,1629640,Derrick White,1628401,Lonnie Walker IV,1629022,Devin Vassell,1630170,Joshua Primo,1630563,Damion Lee,1627814,Jonathan Kuminga,1630228,Gary Payton II,1627780,Chris Chiozza,1629185,Quinndary Weatherspoon,1629683
0022100771,486,4,0,4,10:23 PM,10:43,,,Chiozza REBOUND (Off:0 Def:1),,,5,1629185,Chris Chiozza,1610612744.0,Golden State,Warriors,GSW,0,0,,,,,,0,0,,,,,,1,SAS,GSW,1610612759,1610612744,2022-02-01,2022,GSW,rebound,,,0,,2237,5.0,0,0,0,1,0,0,,0,Keldon Johnson,1629640,Derrick White,1628401,Lonnie Walker IV,1629022,Devin Vassell,1630170,Joshua Primo,1630563,Damion Lee,1627814,Jonathan Kuminga,1630228,Gary Payton II,1627780,Chris Chiozza,1629185,Quinndary Weatherspoon,1629683
0022100771,487,2,5,4,10:23 PM,10:36,,,MISS Weatherspoon 1' Layup,,,5,1629683,Quinndary Weatherspoon,1610612744.0,Golden State,Warriors,GSW,0,0,,,,,,0,0,,,,,,1,SAS,GSW,1610612759,1610612744,2022-02-01,2022,GSW,missed_shot,,0.0,0,Layup Shot,2244,7.0,0,0,0,0,0,0,,0,Keldon Johnson,1629640,Derrick White,1628401,Lonnie Walker IV,1629022,Devin Vassell,1630170,Joshua Primo,1630563,Damion Lee,1627814,Jonathan Kuminga,1630228,Gary Payton II,1627780,Chris Chiozza,1629185,Quinndary Weatherspoon,1629683
0022100771,488,4,0,4,10:23 PM,10:32,,,Weatherspoon REBOUND (Off:1 Def:1),,,5,1629683,Quinndary Weatherspoon,1610612744.0,Golden State,Warriors,GSW,0,0,,,,,,0,0,,,,,,1,SAS,GSW,1610612759,1610612744,2022-02-01,2022,GSW,rebound,,,0,,2248,4.0,0,0,1,0,0,0,,0,Keldon Johnson,1629640,Derrick White,1628401,Lonnie Walker IV,1629022,Devin Vassell,1630170,Joshua Primo,1630563,Damion Lee,1627814,Jonathan Kuminga,1630228,Gary Payton II,1627780,Chris Chiozza,1629185,Quinndary Weatherspoon,1629683
0022100771,489,1,97,4,10:23 PM,10:32,,,Weatherspoon Tip Layup Shot (6 PTS),91 - 104,13,5,1629683,Quinndary Weatherspoon,1610612744.0,Golden State,Warriors,GSW,0,0,,,,,,0,0,,,,,,1,SAS,GSW,1610612759,1610612744,2022-02-01,2022,GSW,shot,,1.0,0,Tip Layup Shot,2248,0.0,0,2,0,0,0,0,,1,Keldon Johnson,1629640,Derrick White,1628401,Lonnie Walker IV,1629022,Devin Vassell,1630170,Joshua Primo,1630563,Damion Lee,1627814,Jonathan Kuminga,1630228,Gary Payton II,1627780,Chris Chiozza,1629185,Quinndary Weatherspoon,1629683
0022100771,491,2,1,4,10:23 PM,10:22,MISS Johnson 24' 3PT Jump Shot,,,,,4,1629640,Keldon Johnson,1610612759.0,San Antonio,Spurs,SAS,0,0,,,,,,0,0,,,,,,1,SAS,GSW,1610612759,1610612744,2022-02-01,2022,SAS,missed_shot,,0.0,0,Jump Shot,2258,10.0,1,0,0,0,0,0,,0,Keldon Johnson,1629640,Derrick White,1628401,Lonnie Walker IV,1629022,Devin Vassell,1630170,Joshua Primo,1630563,Damion Lee,1627814,Jonathan Kuminga,1630228,Gary Payton II,1627780,Chris Chiozza,1629185,Quinndary Weatherspoon,1629683
0022100771,492,4,0,4,10:23 PM,10:19,,,Weatherspoon REBOUND (Off:1 Def:2),,,5,1629683,Quinndary Weatherspoon,1610612744.0,Golden State,Warriors,GSW,0,0,,,,,,0,0,,,,,,1,SAS,GSW,1610612759,1610612744,2022-02-01,2022,GSW,rebound,,,0,,2261,3.0,0,0,0,1,0,0,,0,Keldon Johnson,1629640,Derrick White,1628401,Lonnie Walker IV,1629022,Devin Vassell,1630170,Joshua Primo,1630563,Damion Lee,1627814,Jonathan Kuminga,1630228,Gary Payton II,1627780,Chris Chiozza,1629185,Quinndary Weatherspoon,1629683
0022100771,493,2,1,4,10:24 PM,10:05,,,MISS Kuminga 27' 3PT Jump Shot,,,5,1630228,Jonathan Kuminga,1610612744.0,Golden State,Warriors,GSW,0,0,,,,,,0,0,,,,,,1,SAS,GSW,1610612759,1610612744,2022-02-01,2022,GSW,missed_shot,,0.0,0,Jump Shot,2275,14.0,1,0,0,0,0,0,,0,Keldon Johnson,1629640,Derrick White,1628401,Lonnie Walker IV,1629022,Devin Vassell,1630170,Joshua Primo,1630563,Damion Lee,1627814,Jonathan Kuminga,1630228,Gary Payton II,1627780,Chris Chiozza,1629185,Quinndary Weatherspoon,1629683
0022100771,494,4,0,4,10:24 PM,10:00,Johnson REBOUND (Off:0 Def:2),,,,,4,1629640,Keldon Johnson,1610612759.0,San Antonio,Spurs,SAS,0,0,,,,,,0,0,,,,,,1,SAS,GSW,1610612759,1610612744,2022-02-01,2022,SAS,rebound,,,0,,2280,5.0,0,0,0,1,0,0,,0,Keldon Johnson,1629640,Derrick White,1628401,Lonnie Walker IV,1629022,Devin Vassell,1630170,Joshua Primo,1630563,Damion Lee,1627814,Jonathan Kuminga,1630228,Gary Payton II,1627780,Chris Chiozza,1629185,Quinndary Weatherspoon,1629683
0022100771,495,6,1,4,10:24 PM,9:45,,,Chiozza P.FOUL (P1.T1) (T.Washington),,,5,1629185,Chris Chiozza,1610612744.0,Golden State,Warriors,GSW,4,1630170,Devin Vassell,1610612759.0,San Antonio,Spurs,SAS,1,0,,,,,,1,SAS,GSW,1610612759,1610612744,2022-02-01,2022,GSW,foul,,,0,,2295,15.0,0,0,0,0,0,0,personal,0,Keldon Johnson,1629640,Derrick White,1628401,Lonnie Walker IV,1629022,Devin Vassell,1630170,Joshua Primo,1630563,Damion Lee,1627814,Jonathan Kuminga,1630228,Gary Payton II,1627780,Chris Chiozza,1629185,Quinndary Weatherspoon,1629683
0022100771,497,8,0,4,10:24 PM,9:45,SUB: McDermott FOR Vassell,,,,,4,1630170,Devin Vassell,1610612759.0,San Antonio,Spurs,SAS,4,203926,Doug McDermott,1610612759.0,San Antonio,Spurs,SAS,0,0,,,,,,0,SAS,GSW,1610612759,1610612744,2022-02-01,2022,SAS,substitution,,,0,,2295,0.0,0,0,0,0,0,0,,0,Keldon Johnson,1629640,Derrick White,1628401,Lonnie Walker IV,1629022,Joshua Primo,1630563,Doug McDermott,203926,Damion Lee,1627814,Jonathan Kuminga,1630228,Gary Payton II,1627780,Chris Chiozza,1629185,Quinndary Weatherspoon,1629683
0022100771,499,1,1,4,10:24 PM,9:35,White 3PT Jump Shot (16 PTS) (Walker IV 4 AST),,,91 - 107,16,4,1628401,Derrick White,1610612759.0,San Antonio,Spurs,SAS,4,1629022,Lonnie Walker IV,1610612759.0,San Antonio,Spurs,SAS,0,0,,,,,,1,SAS,GSW,1610612759,1610612744,2022-02-01,2022,SAS,shot,,1.0,0,Jump Shot,2305,10.0,1,3,0,0,0,0,,0,Keldon Johnson,1629640,Derrick White,1628401,Lonnie Walker IV,1629022,Joshua Primo,1630563,Doug McDermott,203926,Damion Lee,1627814,Jonathan Kuminga,1630228,Gary Payton II,1627780,Chris Chiozza,1629185,Quinndary Weatherspoon,1629683
0022100771,501,1,1,4,10:25 PM,9:20,,,Chiozza 27' 3PT Jump Shot (6 PTS) (Lee 1 AST),94 - 107,13,5,1629185,Chris Chiozza,1610612744.0,Golden State,Warriors,GSW,5,1627814,Damion Lee,1610612744.0,Golden State,Warriors,GSW,0,0,,,,,,1,SAS,GSW,1610612759,1610612744,2022-02-01,2022,GSW,shot,,1.0,0,Jump Shot,2320,15.0,1,3,0,0,0,0,,0,Keldon Johnson,1629640,Derrick White,1628401,Lonnie Walker IV,1629022,Joshua Primo,1630563,Doug McDermott,203926,Damion Lee,1627814,Jonathan Kuminga,1630228,Gary Payton II,1627780,Chris Chiozza,1629185,Quinndary Weatherspoon,1629683
0022100771,503,6,2,4,10:25 PM,9:05,,,Kuminga S.FOUL (P3.T2) (M.Dagher),,,5,1630228,Jonathan Kuminga,1610612744.0,Golden State,Warriors,GSW,4,1629022,Lonnie Walker IV,1610612759.0,San Antonio,Spurs,SAS,1,0,,,,,,1,SAS,GSW,1610612759,1610612744,2022-02-01,2022,GSW,foul,,,0,,2335,15.0,0,0,0,0,0,0,shooting,0,Keldon Johnson,1629640,Derrick White,1628401,Lonnie Walker IV,1629022,Joshua Primo,1630563,Doug McDermott,203926,Damion Lee,1627814,Jonathan Kuminga,1630228,Gary Payton II,1627780,Chris Chiozza,1629185,Quinndary Weatherspoon,1629683
0022100771,505,3,11,4,10:25 PM,9:05,Walker IV Free Throw 1 of 2 (10 PTS),,,94 - 108,14,4,1629022,Lonnie Walker IV,1610612759.0,San Antonio,Spurs,SAS,0,0,,,,,,0,0,,,,,,1,SAS,GSW,1610612759,1610612744,2022-02-01,2022,SAS,free-throw,,1.0,0,Free Throw 1 of 2,2335,0.0,0,1,0,0,0,0,,0,Keldon Johnson,1629640,Derrick White,1628401,Lonnie Walker IV,1629022,Joshua Primo,1630563,Doug McDermott,203926,Damion Lee,1627814,Jonathan Kuminga,1630228,Gary Payton II,1627780,Chris Chiozza,1629185,Quinndary Weatherspoon,1629683
0022100771,506,3,12,4,10:26 PM,9:05,Walker IV Free Throw 2 of 2 (11 PTS),,,94 - 109,15,4,1629022,Lonnie Walker IV,1610612759.0,San Antonio,Spurs,SAS,0,0,,,,,,0,0,,,,,,1,SAS,GSW,1610612759,1610612744,2022-02-01,2022,SAS,free-throw,,1.0,0,Free Throw 2 of 2,2335,0.0,0,1,0,0,0,0,,0,Keldon Johnson,1629640,Derrick White,1628401,Lonnie Walker IV,1629022,Joshua Primo,1630563,Doug McDermott,203926,Damion Lee,1627814,Jonathan Kuminga,1630228,Gary Payton II,1627780,Chris Chiozza,1629185,Quinndary Weatherspoon,1629683
0022100771,507,2,1,4,10:26 PM,8:55,,,MISS Lee 27' 3PT Jump Shot,,,5,1627814,Damion Lee,1610612744.0,Golden State,Warriors,GSW,0,0,,,,,,0,0,,,,,,1,SAS,GSW,1610612759,1610612744,2022-02-01,2022,GSW,missed_shot,,0.0,0,Jump Shot,2345,10.0,1,0,0,0,0,0,,0,Keldon Johnson,1629640,Derrick White,1628401,Lonnie Walker IV,1629022,Joshua Primo,1630563,Doug McDermott,203926,Damion Lee,1627814,Jonathan Kuminga,1630228,Gary Payton II,1627780,Chris Chiozza,1629185,Quinndary Weatherspoon,1629683
0022100771,508,4,0,4,10:26 PM,8:51,McDermott REBOUND (Off:0 Def:1),,,,,4,203926,Doug McDermott,1610612759.0,San Antonio,Spurs,SAS,0,0,,,,,,0,0,,,,,,1,SAS,GSW,1610612759,1610612744,2022-02-01,2022,SAS,rebound,,,0,,2349,4.0,0,0,0,1,0,0,,0,Keldon Johnson,1629640,Derrick White,1628401,Lonnie Walker IV,1629022,Joshua Primo,1630563,Doug McDermott,203926,Damion Lee,1627814,Jonathan Kuminga,1630228,Gary Payton II,1627780,Chris Chiozza,1629185,Quinndary Weatherspoon,1629683
0022100771,509,5,2,4,10:26 PM,8:43,White Lost Ball Turnover (P3.T10),,Payton II STEAL (4 STL),,,4,1628401,Derrick White,1610612759.0,San Antonio,Spurs,SAS,5,1627780,Gary Payton II,1610612744.0,Golden State,Warriors,GSW,0,0,,,,,,1,SAS,GSW,1610612759,1610612744,2022-02-01,2022,SAS,turnover,,,0,,2357,8.0,0,0,0,0,1,1,,0,Keldon Johnson,1629640,Derrick White,1628401,Lonnie Walker IV,1629022,Joshua Primo,1630563,Doug McDermott,203926,Damion Lee,1627814,Jonathan Kuminga,1630228,Gary Payton II,1627780,Chris Chiozza,1629185,Quinndary Weatherspoon,1629683
0022100771,511,1,41,4,10:26 PM,8:41,,,Kuminga 2' Running Layup (7 PTS) (Payton II 2 AST),96 - 109,13,5,1630228,Jonathan Kuminga,1610612744.0,Golden State,Warriors,GSW,5,1627780,Gary Payton II,1610612744.0,Golden State,Warriors,GSW,0,0,,,,,,1,SAS,GSW,1610612759,1610612744,2022-02-01,2022,GSW,shot,,1.0,0,Running Layup Shot,2359,2.0,0,2,0,0,0,0,,0,Keldon Johnson,1629640,Derrick White,1628401,Lonnie Walker IV,1629022,Joshua Primo,1630563,Doug McDermott,203926,Damion Lee,1627814,Jonathan Kuminga,1630228,Gary Payton II,1627780,Chris Chiozza,1629185,Quinndary Weatherspoon,1629683
0022100771,513,6,2,4,10:26 PM,8:41,McDermott S.FOUL (P4.T1) (M.Dagher),,,,,4,203926,Doug McDermott,1610612759.0,San Antonio,Spurs,SAS,5,1630228,Jonathan Kuminga,1610612744.0,Golden State,Warriors,GSW,1,0,,,,,,1,SAS,GSW,1610612759,1610612744,2022-02-01,2022,SAS,foul,,,0,,2359,0.0,0,0,0,0,0,0,shooting,0,Keldon Johnson,1629640,Derrick White,1628401,Lonnie Walker IV,1629022,Joshua Primo,1630563,Doug McDermott,203926,Damion Lee,1627814,Jonathan Kuminga,1630228,Gary Payton II,1627780,Chris Chiozza,1629185,Quinndary Weatherspoon,1629683
0022100771,515,8,0,4,10:26 PM,8:41,SUB: Murray FOR Walker IV,,,,,4,1629022,Lonnie Walker IV,1610612759.0,San Antonio,Spurs,SAS,4,1627749,Dejounte Murray,1610612759.0,San Antonio,Spurs,SAS,0,0,,,,,,0,SAS,GSW,1610612759,1610612744,2022-02-01,2022,SAS,substitution,,,0,,2359,0.0,0,0,0,0,0,0,,0,Keldon Johnson,1629640,Derrick White,1628401,Joshua Primo,1630563,Doug McDermott,203926,Dejounte Murray,1627749,Damion Lee,1627814,Jonathan Kuminga,1630228,Gary Payton II,1627780,Chris Chiozza,1629185,Quinndary Weatherspoon,1629683
0022100771,516,8,0,4,10:26 PM,8:41,,,SUB: Moody FOR Lee,,,5,1627814,Damion Lee,1610612744.0,Golden State,Warriors,GSW,5,1630541,Moses Moody,1610612744.0,Golden State,Warriors,GSW,0,0,,,,,,0,SAS,GSW,1610612759,1610612744,2022-02-01,2022,GSW,substitution,,,0,,2359,0.0,0,0,0,0,0,0,,0,Keldon Johnson,1629640,Derrick White,1628401,Joshua Primo,1630563,Doug McDermott,203926,Dejounte Murray,1627749,Jonathan Kuminga,1630228,Gary Payton II,1627780,Chris Chiozza,1629185,Quinndary Weatherspoon,1629683,Moses Moody,1630541
0022100771,519,3,10,4,10:27 PM,8:41,,,Kuminga Free Throw 1 of 1 (8 PTS),97 - 109,12,5,1630228,Jonathan Kuminga,1610612744.0,Golden State,Warriors,GSW,0,0,,,,,,0,0,,,,,,1,SAS,GSW,1610612759,1610612744,2022-02-01,2022,GSW,free-throw,,1.0,0,Free Throw 1 of 1,2359,0.0,0,1,0,0,0,0,,0,Keldon Johnson,1629640,Derrick White,1628401,Joshua Primo,1630563,Doug McDermott,203926,Dejounte Murray,1627749,Jonathan Kuminga,1630228,Gary Payton II,1627780,Chris Chiozza,1629185,Quinndary Weatherspoon,1629683,Moses Moody,1630541
0022100771,520,5,45,4,10:27 PM,8:33,Johnson Out of Bounds - Bad Pass Turnover Turnover (P3.T11),,,,,4,1629640,Keldon Johnson,1610612759.0,San Antonio,Spurs,SAS,0,0,,,,,,1,0,,,,,,1,SAS,GSW,1610612759,1610612744,2022-02-01,2022,SAS,turnover,,,0,,2367,8.0,0,0,0,0,1,0,,0,Keldon Johnson,1629640,Derrick White,1628401,Joshua Primo,1630563,Doug McDermott,203926,Dejounte Murray,1627749,Jonathan Kuminga,1630228,Gary Payton II,1627780,Chris Chiozza,1629185,Quinndary Weatherspoon,1629683,Moses Moody,1630541
0022100771,521,2,6,4,10:27 PM,8:22,Primo BLOCK (1 BLK),,MISS Kuminga 4' Driving Layup,,,5,1630228,Jonathan Kuminga,1610612744.0,Golden State,Warriors,GSW,0,0,,,,,,4,1630563,Joshua Primo,1610612759.0,San Antonio,Spurs,SAS,1,SAS,GSW,1610612759,1610612744,2022-02-01,2022,GSW,missed_shot,,0.0,1,Driving Layup Shot,2378,11.0,0,0,0,0,0,0,,0,Keldon Johnson,1629640,Derrick White,1628401,Joshua Primo,1630563,Doug McDermott,203926,Dejounte Murray,1627749,Jonathan Kuminga,1630228,Gary Payton II,1627780,Chris Chiozza,1629185,Quinndary Weatherspoon,1629683,Moses Moody,1630541
0022100771,523,4,0,4,10:27 PM,8:22,,,Warriors Rebound,,,3,1610612744,,,,,,0,0,,,,,,0,0,,,,,,0,SAS,GSW,1610612759,1610612744,2022-02-01,2022,GSW,rebound,,,0,,2378,0.0,0,0,0,0,0,0,,0,Keldon Johnson,1629640,Derrick White,1628401,Joshua Primo,1630563,Doug McDermott,203926,Dejounte Murray,1627749,Jonathan Kuminga,1630228,Gary Payton II,1627780,Chris Chiozza,1629185,Quinndary Weatherspoon,1629683,Moses Moody,1630541
0022100771,525,8,0,4,10:27 PM,8:22,SUB: Bates-Diop FOR Johnson,,,,,4,1629640,Keldon Johnson,1610612759.0,San Antonio,Spurs,SAS,4,1628966,Keita Bates-Diop,1610612759.0,San Antonio,Spurs,SAS,0,0,,,,,,0,SAS,GSW,1610612759,1610612744,2022-02-01,2022,SAS,substitution,,,0,,2378,0.0,0,0,0,0,0,0,,0,Derrick White,1628401,Joshua Primo,1630563,Doug McDermott,203926,Dejounte Murray,1627749,Keita Bates-Diop,1628966,Jonathan Kuminga,1630228,Gary Payton II,1627780,Chris Chiozza,1629185,Quinndary Weatherspoon,1629683,Moses Moody,1630541
0022100771,527,1,6,4,10:28 PM,8:16,,,Kuminga 2' Driving Layup (10 PTS) (Payton II 3 AST),99 - 109,10,5,1630228,Jonathan Kuminga,1610612744.0,Golden State,Warriors,GSW,5,1627780,Gary Payton II,1610612744.0,Golden State,Warriors,GSW,0,0,,,,,,1,SAS,GSW,1610612759,1610612744,2022-02-01,2022,GSW,shot,,1.0,0,Driving Layup Shot,2384,6.0,0,2,0,0,0,0,,0,Derrick White,1628401,Joshua Primo,1630563,Doug McDermott,203926,Dejounte Murray,1627749,Keita Bates-Diop,1628966,Jonathan Kuminga,1630228,Gary Payton II,1627780,Chris Chiozza,1629185,Quinndary Weatherspoon,1629683,Moses Moody,1630541
0022100771,529,6,2,4,10:28 PM,8:02,,,Kuminga S.FOUL (P4.T3) (M.Lindsay),,,5,1630228,Jonathan Kuminga,1610612744.0,Golden State,Warriors,GSW,4,1630563,Joshua Primo,1610612759.0,San Antonio,Spurs,SAS,1,0,,,,,,1,SAS,GSW,1610612759,1610612744,2022-02-01,2022,GSW,foul,,,0,,2398,14.0,0,0,0,0,0,0,shooting,0,Derrick White,1628401,Joshua Primo,1630563,Doug McDermott,203926,Dejounte Murray,1627749,Keita Bates-Diop,1628966,Jonathan Kuminga,1630228,Gary Payton II,1627780,Chris Chiozza,1629185,Quinndary Weatherspoon,1629683,Moses Moody,1630541
0022100771,531,3,11,4,10:28 PM,8:02,MISS Primo Free Throw 1 of 2,,,,,4,1630563,Joshua Primo,1610612759.0,San Antonio,Spurs,SAS,0,0,,,,,,0,0,,,,,,1,SAS,GSW,1610612759,1610612744,2022-02-01,2022,SAS,free-throw,,0.0,0,Free Throw 1 of 2,2398,0.0,0,0,0,0,0,0,,0,Derrick White,1628401,Joshua Primo,1630563,Doug McDermott,203926,Dejounte Murray,1627749,Keita Bates-Diop,1628966,Jonathan Kuminga,1630228,Gary Payton II,1627780,Chris Chiozza,1629185,Quinndary Weatherspoon,1629683,Moses Moody,1630541
0022100771,532,4,1,4,10:28 PM,8:02,SPURS Rebound,,,,,2,1610612759,,,,,,0,0,,,,,,0,0,,,,,,0,SAS,GSW,1610612759,1610612744,2022-02-01,2022,SAS,rebound,,,0,,2398,0.0,0,0,0,0,0,0,,0,Derrick White,1628401,Joshua Primo,1630563,Doug McDermott,203926,Dejounte Murray,1627749,Keita Bates-Diop,1628966,Jonathan Kuminga,1630228,Gary Payton II,1627780,Chris Chiozza,1629185,Quinndary Weatherspoon,1629683,Moses Moody,1630541
0022100771,533,3,12,4,10:29 PM,8:02,Primo Free Throw 2 of 2 (6 PTS),,,99 - 110,11,4,1630563,Joshua Primo,1610612759.0,San Antonio,Spurs,SAS,0,0,,,,,,0,0,,,,,,1,SAS,GSW,1610612759,1610612744,2022-02-01,2022,SAS,free-throw,,1.0,0,Free Throw 2 of 2,2398,0.0,0,1,0,0,0,0,,0,Derrick White,1628401,Joshua Primo,1630563,Doug McDermott,203926,Dejounte Murray,1627749,Keita Bates-Diop,1628966,Jonathan Kuminga,1630228,Gary Payton II,1627780,Chris Chiozza,1629185,Quinndary Weatherspoon,1629683,Moses Moody,1630541
0022100771,534,2,1,4,10:29 PM,7:50,,,MISS Moody 26' 3PT Jump Shot,,,5,1630541,Moses Moody,1610612744.0,Golden State,Warriors,GSW,0,0,,,,,,0,0,,,,,,1,SAS,GSW,1610612759,1610612744,2022-02-01,2022,GSW,missed_shot,,0.0,0,Jump Shot,2410,12.0,1,0,0,0,0,0,,0,Derrick White,1628401,Joshua Primo,1630563,Doug McDermott,203926,Dejounte Murray,1627749,Keita Bates-Diop,1628966,Jonathan Kuminga,1630228,Gary Payton II,1627780,Chris Chiozza,1629185,Quinndary Weatherspoon,1629683,Moses Moody,1630541
0022100771,535,4,0,4,10:29 PM,7:46,Murray REBOUND (Off:1 Def:8),,,,,4,1627749,Dejounte Murray,1610612759.0,San Antonio,Spurs,SAS,0,0,,,,,,0,0,,,,,,1,SAS,GSW,1610612759,1610612744,2022-02-01,2022,SAS,rebound,,,0,,2414,4.0,0,0,0,1,0,0,,0,Derrick White,1628401,Joshua Primo,1630563,Doug McDermott,203926,Dejounte Murray,1627749,Keita Bates-Diop,1628966,Jonathan Kuminga,1630228,Gary Payton II,1627780,Chris Chiozza,1629185,Quinndary Weatherspoon,1629683,Moses Moody,1630541
0022100771,536,2,101,4,10:29 PM,7:34,MISS McDermott 5' Driving Floating Jump Shot,,,,,4,203926,Doug McDermott,1610612759.0,San Antonio,Spurs,SAS,0,0,,,,,,0,0,,,,,,1,SAS,GSW,1610612759,1610612744,2022-02-01,2022,SAS,missed_shot,,0.0,0,Driving Floating Jump Shot,2426,12.0,0,0,0,0,0,0,,0,Derrick White,1628401,Joshua Primo,1630563,Doug McDermott,203926,Dejounte Murray,1627749,Keita Bates-Diop,1628966,Jonathan Kuminga,1630228,Gary Payton II,1627780,Chris Chiozza,1629185,Quinndary Weatherspoon,1629683,Moses Moody,1630541
0022100771,537,4,0,4,10:29 PM,7:32,,,Chiozza REBOUND (Off:0 Def:2),,,5,1629185,Chris Chiozza,1610612744.0,Golden State,Warriors,GSW,0,0,,,,,,0,0,,,,,,1,SAS,GSW,1610612759,1610612744,2022-02-01,2022,GSW,rebound,,,0,,2428,2.0,0,0,0,1,0,0,,0,Derrick White,1628401,Joshua Primo,1630563,Doug McDermott,203926,Dejounte Murray,1627749,Keita Bates-Diop,1628966,Jonathan Kuminga,1630228,Gary Payton II,1627780,Chris Chiozza,1629185,Quinndary Weatherspoon,1629683,Moses Moody,1630541
0022100771,538,1,103,4,10:29 PM,7:30,,,Chiozza 26' 3PT Running Pull-Up Jump Shot (9 PTS),102 - 110,8,5,1629185,Chris Chiozza,1610612744.0,Golden State,Warriors,GSW,0,0,,,,,,0,0,,,,,,1,SAS,GSW,1610612759,1610612744,2022-02-01,2022,GSW,shot,,1.0,0,Running Pull-Up Jump Shot,2430,2.0,1,3,0,0,0,0,,0,Derrick White,1628401,Joshua Primo,1630563,Doug McDermott,203926,Dejounte Murray,1627749,Keita Bates-Diop,1628966,Jonathan Kuminga,1630228,Gary Payton II,1627780,Chris Chiozza,1629185,Quinndary Weatherspoon,1629683,Moses Moody,1630541
0022100771,539,9,1,4,10:29 PM,7:29,SPURS Timeout: Regular (Full 4 Short 0),,,,,2,1610612759,,,,,,0,0,,,,,,0,0,,,,,,0,SAS,GSW,1610612759,1610612744,2022-02-01,2022,SAS,team-timeout,,,0,,2431,1.0,0,0,0,0,0,0,,0,Derrick White,1628401,Joshua Primo,1630563,Doug McDermott,203926,Dejounte Murray,1627749,Keita Bates-Diop,1628966,Jonathan Kuminga,1630228,Gary Payton II,1627780,Chris Chiozza,1629185,Quinndary Weatherspoon,1629683,Moses Moody,1630541
0022100771,540,1,108,4,10:32 PM,7:14,Bates-Diop 1' Cutting Dunk Shot (2 PTS) (White 7 AST),,,102 - 112,10,4,1628966,Keita Bates-Diop,1610612759.0,San Antonio,Spurs,SAS,4,1628401,Derrick White,1610612759.0,San Antonio,Spurs,SAS,0,0,,,,,,1,SAS,GSW,1610612759,1610612744,2022-02-01,2022,SAS,shot,,1.0,0,Cutting Dunk Shot,2446,15.0,0,2,0,0,0,0,,0,Derrick White,1628401,Joshua Primo,1630563,Doug McDermott,203926,Dejounte Murray,1627749,Keita Bates-Diop,1628966,Jonathan Kuminga,1630228,Gary Payton II,1627780,Chris Chiozza,1629185,Quinndary Weatherspoon,1629683,Moses Moody,1630541
0022100771,542,1,6,4,10:33 PM,6:55,,,Kuminga 1' Driving Layup (12 PTS) (Chiozza 3 AST),104 - 112,8,5,1630228,Jonathan Kuminga,1610612744.0,Golden State,Warriors,GSW,5,1629185,Chris Chiozza,1610612744.0,Golden State,Warriors,GSW,0,0,,,,,,1,SAS,GSW,1610612759,1610612744,2022-02-01,2022,GSW,shot,,1.0,0,Driving Layup Shot,2465,19.0,0,2,0,0,0,0,,0,Derrick White,1628401,Joshua Primo,1630563,Doug McDermott,203926,Dejounte Murray,1627749,Keita Bates-Diop,1628966,Jonathan Kuminga,1630228,Gary Payton II,1627780,Chris Chiozza,1629185,Quinndary Weatherspoon,1629683,Moses Moody,1630541
0022100771,544,5,1,4,10:33 PM,6:37,Murray Bad Pass Turnover (P4.T12),,Payton II STEAL (5 STL),,,4,1627749,Dejounte Murray,1610612759.0,San Antonio,Spurs,SAS,5,1627780,Gary Payton II,1610612744.0,Golden State,Warriors,GSW,0,0,,,,,,1,SAS,GSW,1610612759,1610612744,2022-02-01,2022,SAS,turnover,,,0,,2483,18.0,0,0,0,0,1,1,,0,Derrick White,1628401,Joshua Primo,1630563,Doug McDermott,203926,Dejounte Murray,1627749,Keita Bates-Diop,1628966,Jonathan Kuminga,1630228,Gary Payton II,1627780,Chris Chiozza,1629185,Quinndary Weatherspoon,1629683,Moses Moody,1630541
0022100771,546,1,50,4,10:33 PM,6:33,,,Kuminga 1' Running Dunk (14 PTS) (Moody 1 AST),106 - 112,6,5,1630228,Jonathan Kuminga,1610612744.0,Golden State,Warriors,GSW,5,1630541,Moses Moody,1610612744.0,Golden State,Warriors,GSW,0,0,,,,,,1,SAS,GSW,1610612759,1610612744,2022-02-01,2022,GSW,shot,,1.0,0,Running Dunk Shot,2487,4.0,0,2,0,0,0,0,,0,Derrick White,1628401,Joshua Primo,1630563,Doug McDermott,203926,Dejounte Murray,1627749,Keita Bates-Diop,1628966,Jonathan Kuminga,1630228,Gary Payton II,1627780,Chris Chiozza,1629185,Quinndary Weatherspoon,1629683,Moses Moody,1630541
0022100771,548,6,28,4,10:33 PM,6:23,,,Chiozza Personal Take Foul (P2.T4) (M.Lindsay),,,5,1629185,Chris Chiozza,1610612744.0,Golden State,Warriors,GSW,4,203926,Doug McDermott,1610612759.0,San Antonio,Spurs,SAS,1,0,,,,,,1,SAS,GSW,1610612759,1610612744,2022-02-01,2022,GSW,foul,,,0,,2497,10.0,0,0,0,0,0,0,shooting block,0,Derrick White,1628401,Joshua Primo,1630563,Doug McDermott,203926,Dejounte Murray,1627749,Keita Bates-Diop,1628966,Jonathan Kuminga,1630228,Gary Payton II,1627780,Chris Chiozza,1629185,Quinndary Weatherspoon,1629683,Moses Moody,1630541
0022100771,550,8,0,4,10:33 PM,6:23,SUB: Johnson FOR White,,,,,4,1628401,Derrick White,1610612759.0,San Antonio,Spurs,SAS,4,1629640,Keldon Johnson,1610612759.0,San Antonio,Spurs,SAS,0,0,,,,,,0,SAS,GSW,1610612759,1610612744,2022-02-01,2022,SAS,substitution,,,0,,2497,0.0,0,0,0,0,0,0,,0,Joshua Primo,1630563,Doug McDermott,203926,Dejounte Murray,1627749,Keita Bates-Diop,1628966,Keldon Johnson,1629640,Jonathan Kuminga,1630228,Gary Payton II,1627780,Chris Chiozza,1629185,Quinndary Weatherspoon,1629683,Moses Moody,1630541
0022100771,551,8,0,4,10:33 PM,6:23,SUB: Vassell FOR McDermott,,,,,4,203926,Doug McDermott,1610612759.0,San Antonio,Spurs,SAS,4,1630170,Devin Vassell,1610612759.0,San Antonio,Spurs,SAS,0,0,,,,,,0,SAS,GSW,1610612759,1610612744,2022-02-01,2022,SAS,substitution,,,0,,2497,0.0,0,0,0,0,0,0,,0,Joshua Primo,1630563,Dejounte Murray,1627749,Keita Bates-Diop,1628966,Keldon Johnson,1629640,Devin Vassell,1630170,Jonathan Kuminga,1630228,Gary Payton II,1627780,Chris Chiozza,1629185,Quinndary Weatherspoon,1629683,Moses Moody,1630541
0022100771,554,8,0,4,10:34 PM,6:23,,,SUB: Lee FOR Payton II,,,5,1627780,Gary Payton II,1610612744.0,Golden State,Warriors,GSW,5,1627814,Damion Lee,1610612744.0,Golden State,Warriors,GSW,0,0,,,,,,0,SAS,GSW,1610612759,1610612744,2022-02-01,2022,GSW,substitution,,,0,,2497,0.0,0,0,0,0,0,0,,0,Joshua Primo,1630563,Dejounte Murray,1627749,Keita Bates-Diop,1628966,Keldon Johnson,1629640,Devin Vassell,1630170,Jonathan Kuminga,1630228,Chris Chiozza,1629185,Quinndary Weatherspoon,1629683,Moses Moody,1630541,Damion Lee,1627814
0022100771,557,1,79,4,10:35 PM,6:15,Murray 11' Pullup Jump Shot (23 PTS),,,106 - 114,8,4,1627749,Dejounte Murray,1610612759.0,San Antonio,Spurs,SAS,0,0,,,,,,0,0,,,,,,1,SAS,GSW,1610612759,1610612744,2022-02-01,2022,SAS,shot,,1.0,0,Pullup Jump shot,2505,8.0,0,2,0,0,0,0,,0,Joshua Primo,1630563,Dejounte Murray,1627749,Keita Bates-Diop,1628966,Keldon Johnson,1629640,Devin Vassell,1630170,Jonathan Kuminga,1630228,Chris Chiozza,1629185,Quinndary Weatherspoon,1629683,Moses Moody,1630541,Damion Lee,1627814
0022100771,558,2,79,4,10:35 PM,5:50,,,MISS Lee 12' Pullup Jump Shot,,,5,1627814,Damion Lee,1610612744.0,Golden State,Warriors,GSW,0,0,,,,,,0,0,,,,,,1,SAS,GSW,1610612759,1610612744,2022-02-01,2022,GSW,missed_shot,,0.0,0,Pullup Jump shot,2530,25.0,0,0,0,0,0,0,,0,Joshua Primo,1630563,Dejounte Murray,1627749,Keita Bates-Diop,1628966,Keldon Johnson,1629640,Devin Vassell,1630170,Jonathan Kuminga,1630228,Chris Chiozza,1629185,Quinndary Weatherspoon,1629683,Moses Moody,1630541,Damion Lee,1627814
0022100771,559,4,0,4,10:36 PM,5:47,,,Kuminga REBOUND (Off:1 Def:1),,,5,1630228,Jonathan Kuminga,1610612744.0,Golden State,Warriors,GSW,0,0,,,,,,0,0,,,,,,1,SAS,GSW,1610612759,1610612744,2022-02-01,2022,GSW,rebound,,,0,,2533,3.0,0,0,1,0,0,0,,0,Joshua Primo,1630563,Dejounte Murray,1627749,Keita Bates-Diop,1628966,Keldon Johnson,1629640,Devin Vassell,1630170,Jonathan Kuminga,1630228,Chris Chiozza,1629185,Quinndary Weatherspoon,1629683,Moses Moody,1630541,Damion Lee,1627814
0022100771,560,2,97,4,10:36 PM,5:47,,,MISS Kuminga Tip Layup Shot,,,5,1630228,Jonathan Kuminga,1610612744.0,Golden State,Warriors,GSW,0,0,,,,,,0,0,,,,,,1,SAS,GSW,1610612759,1610612744,2022-02-01,2022,GSW,missed_shot,,0.0,0,Tip Layup Shot,2533,0.0,0,0,0,0,0,0,,1,Joshua Primo,1630563,Dejounte Murray,1627749,Keita Bates-Diop,1628966,Keldon Johnson,1629640,Devin Vassell,1630170,Jonathan Kuminga,1630228,Chris Chiozza,1629185,Quinndary Weatherspoon,1629683,Moses Moody,1630541,Damion Lee,1627814
0022100771,561,4,0,4,10:36 PM,5:46,Johnson REBOUND (Off:0 Def:3),,,,,4,1629640,Keldon Johnson,1610612759.0,San Antonio,Spurs,SAS,0,0,,,,,,0,0,,,,,,1,SAS,GSW,1610612759,1610612744,2022-02-01,2022,SAS,rebound,,,0,,2534,1.0,0,0,0,1,0,0,,0,Joshua Primo,1630563,Dejounte Murray,1627749,Keita Bates-Diop,1628966,Keldon Johnson,1629640,Devin Vassell,1630170,Jonathan Kuminga,1630228,Chris Chiozza,1629185,Quinndary Weatherspoon,1629683,Moses Moody,1630541,Damion Lee,1627814
0022100771,562,2,2,4,10:36 PM,5:42,MISS Primo 24' 3PT Running Jump Shot,,,,,4,1630563,Joshua Primo,1610612759.0,San Antonio,Spurs,SAS,0,0,,,,,,0,0,,,,,,1,SAS,GSW,1610612759,1610612744,2022-02-01,2022,SAS,missed_shot,,0.0,0,Running Jump Shot,2538,4.0,1,0,0,0,0,0,,0,Joshua Primo,1630563,Dejounte Murray,1627749,Keita Bates-Diop,1628966,Keldon Johnson,1629640,Devin Vassell,1630170,Jonathan Kuminga,1630228,Chris Chiozza,1629185,Quinndary Weatherspoon,1629683,Moses Moody,1630541,Damion Lee,1627814
0022100771,563,4,0,4,10:36 PM,5:38,,,Weatherspoon REBOUND (Off:1 Def:3),,,5,1629683,Quinndary Weatherspoon,1610612744.0,Golden State,Warriors,GSW,0,0,,,,,,0,0,,,,,,1,SAS,GSW,1610612759,1610612744,2022-02-01,2022,GSW,rebound,,,0,,2542,4.0,0,0,0,1,0,0,,0,Joshua Primo,1630563,Dejounte Murray,1627749,Keita Bates-Diop,1628966,Keldon Johnson,1629640,Devin Vassell,1630170,Jonathan Kuminga,1630228,Chris Chiozza,1629185,Quinndary Weatherspoon,1629683,Moses Moody,1630541,Damion Lee,1627814
0022100771,564,1,1,4,10:36 PM,5:32,,,Kuminga 26' 3PT Jump Shot (17 PTS) (Chiozza 4 AST),109 - 114,5,5,1630228,Jonathan Kuminga,1610612744.0,Golden State,Warriors,GSW,5,1629185,Chris Chiozza,1610612744.0,Golden State,Warriors,GSW,0,0,,,,,,1,SAS,GSW,1610612759,1610612744,2022-02-01,2022,GSW,shot,,1.0,0,Jump Shot,2548,6.0,1,3,0,0,0,0,,0,Joshua Primo,1630563,Dejounte Murray,1627749,Keita Bates-Diop,1628966,Keldon Johnson,1629640,Devin Vassell,1630170,Jonathan Kuminga,1630228,Chris Chiozza,1629185,Quinndary Weatherspoon,1629683,Moses Moody,1630541,Damion Lee,1627814
0022100771,566,2,79,4,10:36 PM,5:17,MISS Vassell 17' Pullup Jump Shot,,,,,4,1630170,Devin Vassell,1610612759.0,San Antonio,Spurs,SAS,0,0,,,,,,0,0,,,,,,1,SAS,GSW,1610612759,1610612744,2022-02-01,2022,SAS,missed_shot,,0.0,0,Pullup Jump shot,2563,15.0,0,0,0,0,0,0,,0,Joshua Primo,1630563,Dejounte Murray,1627749,Keita Bates-Diop,1628966,Keldon Johnson,1629640,Devin Vassell,1630170,Jonathan Kuminga,1630228,Chris Chiozza,1629185,Quinndary Weatherspoon,1629683,Moses Moody,1630541,Damion Lee,1627814
0022100771,567,4,0,4,10:36 PM,5:13,,,Chiozza REBOUND (Off:0 Def:3),,,5,1629185,Chris Chiozza,1610612744.0,Golden State,Warriors,GSW,0,0,,,,,,0,0,,,,,,1,SAS,GSW,1610612759,1610612744,2022-02-01,2022,GSW,rebound,,,0,,2567,4.0,0,0,0,1,0,0,,0,Joshua Primo,1630563,Dejounte Murray,1627749,Keita Bates-Diop,1628966,Keldon Johnson,1629640,Devin Vassell,1630170,Jonathan Kuminga,1630228,Chris Chiozza,1629185,Quinndary Weatherspoon,1629683,Moses Moody,1630541,Damion Lee,1627814
0022100771,568,2,79,4,10:36 PM,5:05,,,MISS Chiozza 25' 3PT Pullup Jump Shot,,,5,1629185,Chris Chiozza,1610612744.0,Golden State,Warriors,GSW,0,0,,,,,,0,0,,,,,,1,SAS,GSW,1610612759,1610612744,2022-02-01,2022,GSW,missed_shot,,0.0,0,Pullup Jump shot,2575,8.0,1,0,0,0,0,0,,0,Joshua Primo,1630563,Dejounte Murray,1627749,Keita Bates-Diop,1628966,Keldon Johnson,1629640,Devin Vassell,1630170,Jonathan Kuminga,1630228,Chris Chiozza,1629185,Quinndary Weatherspoon,1629683,Moses Moody,1630541,Damion Lee,1627814
0022100771,569,4,0,4,10:36 PM,5:02,Vassell REBOUND (Off:0 Def:6),,,,,4,1630170,Devin Vassell,1610612759.0,San Antonio,Spurs,SAS,0,0,,,,,,0,0,,,,,,1,SAS,GSW,1610612759,1610612744,2022-02-01,2022,SAS,rebound,,,0,,2578,3.0,0,0,0,1,0,0,,0,Joshua Primo,1630563,Dejounte Murray,1627749,Keita Bates-Diop,1628966,Keldon Johnson,1629640,Devin Vassell,1630170,Jonathan Kuminga,1630228,Chris Chiozza,1629185,Quinndary Weatherspoon,1629683,Moses Moody,1630541,Damion Lee,1627814
0022100771,570,5,2,4,10:36 PM,4:51,Murray Lost Ball Turnover (P5.T13),,Chiozza STEAL (1 STL),,,4,1627749,Dejounte Murray,1610612759.0,San Antonio,Spurs,SAS,5,1629185,Chris Chiozza,1610612744.0,Golden State,Warriors,GSW,0,0,,,,,,1,SAS,GSW,1610612759,1610612744,2022-02-01,2022,SAS,turnover,,,0,,2589,11.0,0,0,0,0,1,1,,0,Joshua Primo,1630563,Dejounte Murray,1627749,Keita Bates-Diop,1628966,Keldon Johnson,1629640,Devin Vassell,1630170,Jonathan Kuminga,1630228,Chris Chiozza,1629185,Quinndary Weatherspoon,1629683,Moses Moody,1630541,Damion Lee,1627814
0022100771,573,9,1,4,10:37 PM,4:45,,,Warriors Timeout: Regular (Reg.6 Short 0),,,3,1610612744,,,,,,0,0,,,,,,0,0,,,,,,0,SAS,GSW,1610612759,1610612744,2022-02-01,2022,GSW,team-timeout,,,0,,2595,6.0,0,0,0,0,0,0,,0,Joshua Primo,1630563,Dejounte Murray,1627749,Keita Bates-Diop,1628966,Keldon Johnson,1629640,Devin Vassell,1630170,Jonathan Kuminga,1630228,Chris Chiozza,1629185,Quinndary Weatherspoon,1629683,Moses Moody,1630541,Damion Lee,1627814
0022100771,574,8,0,4,10:40 PM,4:45,SUB: White FOR Primo,,,,,4,1630563,Joshua Primo,1610612759.0,San Antonio,Spurs,SAS,4,1628401,Derrick White,1610612759.0,San Antonio,Spurs,SAS,0,0,,,,,,0,SAS,GSW,1610612759,1610612744,2022-02-01,2022,SAS,substitution,,,0,,2595,0.0,0,0,0,0,0,0,,0,Dejounte Murray,1627749,Keita Bates-Diop,1628966,Keldon Johnson,1629640,Devin Vassell,1630170,Derrick White,1628401,Jonathan Kuminga,1630228,Chris Chiozza,1629185,Quinndary Weatherspoon,1629683,Moses Moody,1630541,Damion Lee,1627814
0022100771,575,8,0,4,10:40 PM,4:45,,,SUB: Poole FOR Weatherspoon,,,5,1629683,Quinndary Weatherspoon,1610612744.0,Golden State,Warriors,GSW,5,1629673,Jordan Poole,1610612744.0,Golden State,Warriors,GSW,0,0,,,,,,0,SAS,GSW,1610612759,1610612744,2022-02-01,2022,GSW,substitution,,,0,,2595,0.0,0,0,0,0,0,0,,0,Dejounte Murray,1627749,Keita Bates-Diop,1628966,Keldon Johnson,1629640,Devin Vassell,1630170,Derrick White,1628401,Jonathan Kuminga,1630228,Chris Chiozza,1629185,Moses Moody,1630541,Damion Lee,1627814,Jordan Poole,1629673
0022100771,578,1,1,4,10:40 PM,4:32,,,Lee 25' 3PT Jump Shot (16 PTS) (Poole 5 AST),112 - 114,2,5,1627814,Damion Lee,1610612744.0,Golden State,Warriors,GSW,5,1629673,Jordan Poole,1610612744.0,Golden State,Warriors,GSW,0,0,,,,,,1,SAS,GSW,1610612759,1610612744,2022-02-01,2022,GSW,shot,,1.0,0,Jump Shot,2608,13.0,1,3,0,0,0,0,,0,Dejounte Murray,1627749,Keita Bates-Diop,1628966,Keldon Johnson,1629640,Devin Vassell,1630170,Derrick White,1628401,Jonathan Kuminga,1630228,Chris Chiozza,1629185,Moses Moody,1630541,Damion Lee,1627814,Jordan Poole,1629673
0022100771,580,2,47,4,10:41 PM,4:11,MISS Murray 13' Turnaround Jump Shot,,,,,4,1627749,Dejounte Murray,1610612759.0,San Antonio,Spurs,SAS,0,0,,,,,,0,0,,,,,,1,SAS,GSW,1610612759,1610612744,2022-02-01,2022,SAS,missed_shot,,0.0,0,Turnaround Jump Shot,2629,21.0,0,0,0,0,0,0,,0,Dejounte Murray,1627749,Keita Bates-Diop,1628966,Keldon Johnson,1629640,Devin Vassell,1630170,Derrick White,1628401,Jonathan Kuminga,1630228,Chris Chiozza,1629185,Moses Moody,1630541,Damion Lee,1627814,Jordan Poole,1629673
0022100771,581,4,0,4,10:41 PM,4:07,,,Moody REBOUND (Off:0 Def:4),,,5,1630541,Moses Moody,1610612744.0,Golden State,Warriors,GSW,0,0,,,,,,0,0,,,,,,1,SAS,GSW,1610612759,1610612744,2022-02-01,2022,GSW,rebound,,,0,,2633,4.0,0,0,0,1,0,0,,0,Dejounte Murray,1627749,Keita Bates-Diop,1628966,Keldon Johnson,1629640,Devin Vassell,1630170,Derrick White,1628401,Jonathan Kuminga,1630228,Chris Chiozza,1629185,Moses Moody,1630541,Damion Lee,1627814,Jordan Poole,1629673
0022100771,582,2,2,4,10:41 PM,4:06,,,MISS Lee 3PT Running Jump Shot,,,5,1627814,Damion Lee,1610612744.0,Golden State,Warriors,GSW,0,0,,,,,,0,0,,,,,,0,SAS,GSW,1610612759,1610612744,2022-02-01,2022,GSW,missed_shot,,0.0,0,Running Jump Shot,2634,1.0,1,0,0,0,0,0,,0,Dejounte Murray,1627749,Keita Bates-Diop,1628966,Keldon Johnson,1629640,Devin Vassell,1630170,Derrick White,1628401,Jonathan Kuminga,1630228,Chris Chiozza,1629185,Moses Moody,1630541,Damion Lee,1627814,Jordan Poole,1629673
0022100771,586,4,0,4,10:41 PM,4:00,,,Warriors Rebound,,,3,1610612744,,,,,,0,0,,,,,,0,0,,,,,,0,SAS,GSW,1610612759,1610612744,2022-02-01,2022,GSW,rebound,,,0,,2640,6.0,0,0,0,0,0,0,,0,Dejounte Murray,1627749,Keita Bates-Diop,1628966,Keldon Johnson,1629640,Devin Vassell,1630170,Derrick White,1628401,Jonathan Kuminga,1630228,Chris Chiozza,1629185,Moses Moody,1630541,Damion Lee,1627814,Jordan Poole,1629673
0022100771,592,8,0,4,10:41 PM,4:00,SUB: Walker IV FOR Bates-Diop,,,,,4,1628966,Keita Bates-Diop,1610612759.0,San Antonio,Spurs,SAS,4,1629022,Lonnie Walker IV,1610612759.0,San Antonio,Spurs,SAS,0,0,,,,,,0,SAS,GSW,1610612759,1610612744,2022-02-01,2022,SAS,substitution,,,0,,2640,0.0,0,0,0,0,0,0,,0,Dejounte Murray,1627749,Keldon Johnson,1629640,Devin Vassell,1630170,Derrick White,1628401,Lonnie Walker IV,1629022,Jonathan Kuminga,1630228,Chris Chiozza,1629185,Moses Moody,1630541,Damion Lee,1627814,Jordan Poole,1629673
0022100771,583,10,0,4,10:42 PM,4:00,Jump Ball Murray vs. Moody: Tip to Lee,,,,,4,1627749,Dejounte Murray,1610612759.0,San Antonio,Spurs,SAS,5,1630541,Moses Moody,1610612744.0,Golden State,Warriors,GSW,5,1627814,Damion Lee,1610612744.0,Golden State,Warriors,GSW,1,SAS,GSW,1610612759,1610612744,2022-02-01,2022,SAS,jump-ball,,,0,,2640,0.0,0,0,0,0,0,0,,0,Dejounte Murray,1627749,Keldon Johnson,1629640,Devin Vassell,1630170,Derrick White,1628401,Lonnie Walker IV,1629022,Jonathan Kuminga,1630228,Chris Chiozza,1629185,Moses Moody,1630541,Damion Lee,1627814,Jordan Poole,1629673
0022100771,587,2,80,4,10:42 PM,3:46,,,MISS Poole 24' 3PT Step Back Jump Shot,,,5,1629673,Jordan Poole,1610612744.0,Golden State,Warriors,GSW,0,0,,,,,,0,0,,,,,,1,SAS,GSW,1610612759,1610612744,2022-02-01,2022,GSW,missed_shot,,0.0,0,Step Back Jump shot,2654,14.0,1,0,0,0,0,0,,0,Dejounte Murray,1627749,Keldon Johnson,1629640,Devin Vassell,1630170,Derrick White,1628401,Lonnie Walker IV,1629022,Jonathan Kuminga,1630228,Chris Chiozza,1629185,Moses Moody,1630541,Damion Lee,1627814,Jordan Poole,1629673
0022100771,588,4,0,4,10:42 PM,3:44,,,Kuminga REBOUND (Off:2 Def:1),,,5,1630228,Jonathan Kuminga,1610612744.0,Golden State,Warriors,GSW,0,0,,,,,,0,0,,,,,,1,SAS,GSW,1610612759,1610612744,2022-02-01,2022,GSW,rebound,,,0,,2656,2.0,0,0,1,0,0,0,,0,Dejounte Murray,1627749,Keldon Johnson,1629640,Devin Vassell,1630170,Derrick White,1628401,Lonnie Walker IV,1629022,Jonathan Kuminga,1630228,Chris Chiozza,1629185,Moses Moody,1630541,Damion Lee,1627814,Jordan Poole,1629673
0022100771,589,6,26,4,10:42 PM,3:44,,,Kuminga Offensive Charge Foul (P5) (M.Dagher),,,5,1630228,Jonathan Kuminga,1610612744.0,Golden State,Warriors,GSW,4,1628401,Derrick White,1610612759.0,San Antonio,Spurs,SAS,1,0,,,,,,1,SAS,GSW,1610612759,1610612744,2022-02-01,2022,GSW,foul,,,0,,2656,0.0,0,0,0,0,0,0,offensive charge,1,Dejounte Murray,1627749,Keldon Johnson,1629640,Devin Vassell,1630170,Derrick White,1628401,Lonnie Walker IV,1629022,Jonathan Kuminga,1630228,Chris Chiozza,1629185,Moses Moody,1630541,Damion Lee,1627814,Jordan Poole,1629673
0022100771,591,5,37,4,10:42 PM,3:44,,,Kuminga Offensive Foul Turnover (P3.T16),,,5,1630228,Jonathan Kuminga,1610612744.0,Golden State,Warriors,GSW,0,0,,,,,,1,0,,,,,,1,SAS,GSW,1610612759,1610612744,2022-02-01,2022,GSW,turnover,,,0,,2656,0.0,0,0,0,0,1,0,,0,Dejounte Murray,1627749,Keldon Johnson,1629640,Devin Vassell,1630170,Derrick White,1628401,Lonnie Walker IV,1629022,Jonathan Kuminga,1630228,Chris Chiozza,1629185,Moses Moody,1630541,Damion Lee,1627814,Jordan Poole,1629673
0022100771,594,2,1,4,10:43 PM,3:22,MISS White 3PT Jump Shot,,,,,4,1628401,Derrick White,1610612759.0,San Antonio,Spurs,SAS,0,0,,,,,,0,0,,,,,,1,SAS,GSW,1610612759,1610612744,2022-02-01,2022,SAS,missed_shot,,0.0,0,Jump Shot,2678,22.0,1,0,0,0,0,0,,0,Dejounte Murray,1627749,Keldon Johnson,1629640,Devin Vassell,1630170,Derrick White,1628401,Lonnie Walker IV,1629022,Jonathan Kuminga,1630228,Chris Chiozza,1629185,Moses Moody,1630541,Damion Lee,1627814,Jordan Poole,1629673
0022100771,595,4,0,4,10:43 PM,3:19,,,Moody REBOUND (Off:0 Def:5),,,5,1630541,Moses Moody,1610612744.0,Golden State,Warriors,GSW,0,0,,,,,,0,0,,,,,,1,SAS,GSW,1610612759,1610612744,2022-02-01,2022,GSW,rebound,,,0,,2681,3.0,0,0,0,1,0,0,,0,Dejounte Murray,1627749,Keldon Johnson,1629640,Devin Vassell,1630170,Derrick White,1628401,Lonnie Walker IV,1629022,Jonathan Kuminga,1630228,Chris Chiozza,1629185,Moses Moody,1630541,Damion Lee,1627814,Jordan Poole,1629673
0022100771,596,2,6,4,10:43 PM,3:14,Walker IV BLOCK (3 BLK),,MISS Poole 1' Driving Layup,,,5,1629673,Jordan Poole,1610612744.0,Golden State,Warriors,GSW,0,0,,,,,,4,1629022,Lonnie Walker IV,1610612759.0,San Antonio,Spurs,SAS,1,SAS,GSW,1610612759,1610612744,2022-02-01,2022,GSW,missed_shot,,0.0,1,Driving Layup Shot,2686,5.0,0,0,0,0,0,0,,0,Dejounte Murray,1627749,Keldon Johnson,1629640,Devin Vassell,1630170,Derrick White,1628401,Lonnie Walker IV,1629022,Jonathan Kuminga,1630228,Chris Chiozza,1629185,Moses Moody,1630541,Damion Lee,1627814,Jordan Poole,1629673
0022100771,598,4,0,4,10:43 PM,3:14,,,Warriors Rebound,,,3,1610612744,,,,,,0,0,,,,,,0,0,,,,,,0,SAS,GSW,1610612759,1610612744,2022-02-01,2022,GSW,rebound,,,0,,2686,0.0,0,0,0,0,0,0,,0,Dejounte Murray,1627749,Keldon Johnson,1629640,Devin Vassell,1630170,Derrick White,1628401,Lonnie Walker IV,1629022,Jonathan Kuminga,1630228,Chris Chiozza,1629185,Moses Moody,1630541,Damion Lee,1627814,Jordan Poole,1629673
0022100771,600,2,1,4,10:44 PM,3:03,,,MISS Lee 3PT Jump Shot,,,5,1627814,Damion Lee,1610612744.0,Golden State,Warriors,GSW,0,0,,,,,,0,0,,,,,,1,SAS,GSW,1610612759,1610612744,2022-02-01,2022,GSW,missed_shot,,0.0,0,Jump Shot,2697,11.0,1,0,0,0,0,0,,0,Dejounte Murray,1627749,Keldon Johnson,1629640,Devin Vassell,1630170,Derrick White,1628401,Lonnie Walker IV,1629022,Jonathan Kuminga,1630228,Chris Chiozza,1629185,Moses Moody,1630541,Damion Lee,1627814,Jordan Poole,1629673
0022100771,601,4,0,4,10:44 PM,3:00,Vassell REBOUND (Off:0 Def:7),,,,,4,1630170,Devin Vassell,1610612759.0,San Antonio,Spurs,SAS,0,0,,,,,,0,0,,,,,,1,SAS,GSW,1610612759,1610612744,2022-02-01,2022,SAS,rebound,,,0,,2700,3.0,0,0,0,1,0,0,,0,Dejounte Murray,1627749,Keldon Johnson,1629640,Devin Vassell,1630170,Derrick White,1628401,Lonnie Walker IV,1629022,Jonathan Kuminga,1630228,Chris Chiozza,1629185,Moses Moody,1630541,Damion Lee,1627814,Jordan Poole,1629673
0022100771,602,2,1,4,10:44 PM,2:53,MISS Murray 26' 3PT Jump Shot,,,,,4,1627749,Dejounte Murray,1610612759.0,San Antonio,Spurs,SAS,0,0,,,,,,0,0,,,,,,1,SAS,GSW,1610612759,1610612744,2022-02-01,2022,SAS,missed_shot,,0.0,0,Jump Shot,2707,7.0,1,0,0,0,0,0,,0,Dejounte Murray,1627749,Keldon Johnson,1629640,Devin Vassell,1630170,Derrick White,1628401,Lonnie Walker IV,1629022,Jonathan Kuminga,1630228,Chris Chiozza,1629185,Moses Moody,1630541,Damion Lee,1627814,Jordan Poole,1629673
0022100771,603,4,0,4,10:44 PM,2:50,,,Lee REBOUND (Off:0 Def:4),,,5,1627814,Damion Lee,1610612744.0,Golden State,Warriors,GSW,0,0,,,,,,0,0,,,,,,1,SAS,GSW,1610612759,1610612744,2022-02-01,2022,GSW,rebound,,,0,,2710,3.0,0,0,0,1,0,0,,0,Dejounte Murray,1627749,Keldon Johnson,1629640,Devin Vassell,1630170,Derrick White,1628401,Lonnie Walker IV,1629022,Jonathan Kuminga,1630228,Chris Chiozza,1629185,Moses Moody,1630541,Damion Lee,1627814,Jordan Poole,1629673
0022100771,604,1,6,4,10:44 PM,2:34,,,Kuminga 3' Driving Layup (19 PTS),114 - 114,TIE,5,1630228,Jonathan Kuminga,1610612744.0,Golden State,Warriors,GSW,0,0,,,,,,0,0,,,,,,1,SAS,GSW,1610612759,1610612744,2022-02-01,2022,GSW,shot,,1.0,0,Driving Layup Shot,2726,16.0,0,2,0,0,0,0,,0,Dejounte Murray,1627749,Keldon Johnson,1629640,Devin Vassell,1630170,Derrick White,1628401,Lonnie Walker IV,1629022,Jonathan Kuminga,1630228,Chris Chiozza,1629185,Moses Moody,1630541,Damion Lee,1627814,Jordan Poole,1629673
0022100771,605,5,45,4,10:44 PM,2:17,Murray Out of Bounds - Bad Pass Turnover Turnover (P6.T14),,,,,4,1627749,Dejounte Murray,1610612759.0,San Antonio,Spurs,SAS,0,0,,,,,,1,0,,,,,,1,SAS,GSW,1610612759,1610612744,2022-02-01,2022,SAS,turnover,,,0,,2743,17.0,0,0,0,0,1,0,,0,Dejounte Murray,1627749,Keldon Johnson,1629640,Devin Vassell,1630170,Derrick White,1628401,Lonnie Walker IV,1629022,Jonathan Kuminga,1630228,Chris Chiozza,1629185,Moses Moody,1630541,Damion Lee,1627814,Jordan Poole,1629673
0022100771,606,1,1,4,10:45 PM,2:03,,,Lee 26' 3PT Jump Shot (19 PTS) (Chiozza 5 AST),117 - 114,-3,5,1627814,Damion Lee,1610612744.0,Golden State,Warriors,GSW,5,1629185,Chris Chiozza,1610612744.0,Golden State,Warriors,GSW,0,0,,,,,,1,SAS,GSW,1610612759,1610612744,2022-02-01,2022,GSW,shot,,1.0,0,Jump Shot,2757,14.0,1,3,0,0,0,0,,0,Dejounte Murray,1627749,Keldon Johnson,1629640,Devin Vassell,1630170,Derrick White,1628401,Lonnie Walker IV,1629022,Jonathan Kuminga,1630228,Chris Chiozza,1629185,Moses Moody,1630541,Damion Lee,1627814,Jordan Poole,1629673
0022100771,608,9,1,4,10:45 PM,2:01,SPURS Timeout: Regular (Full 5 Short 0),,,,,2,1610612759,,,,,,0,0,,,,,,0,0,,,,,,0,SAS,GSW,1610612759,1610612744,2022-02-01,2022,SAS,team-timeout,,,0,,2759,2.0,0,0,0,0,0,0,,0,Dejounte Murray,1627749,Keldon Johnson,1629640,Devin Vassell,1630170,Derrick White,1628401,Lonnie Walker IV,1629022,Jonathan Kuminga,1630228,Chris Chiozza,1629185,Moses Moody,1630541,Damion Lee,1627814,Jordan Poole,1629673
0022100771,609,6,1,4,10:47 PM,1:42,,,Moody P.FOUL (P3.PN) (M.Dagher),,,5,1630541,Moses Moody,1610612744.0,Golden State,Warriors,GSW,4,1629640,Keldon Johnson,1610612759.0,San Antonio,Spurs,SAS,1,0,,,,,,1,SAS,GSW,1610612759,1610612744,2022-02-01,2022,GSW,foul,,,0,,2778,19.0,0,0,0,0,0,0,personal,0,Dejounte Murray,1627749,Keldon Johnson,1629640,Devin Vassell,1630170,Derrick White,1628401,Lonnie Walker IV,1629022,Jonathan Kuminga,1630228,Chris Chiozza,1629185,Moses Moody,1630541,Damion Lee,1627814,Jordan Poole,1629673
0022100771,611,9,1,4,10:48 PM,1:42,,,Warriors Timeout: Regular (Reg.7 Short 0),,,3,1610612744,,,,,,0,0,,,,,,0,0,,,,,,0,SAS,GSW,1610612759,1610612744,2022-02-01,2022,GSW,team-timeout,,,0,,2778,0.0,0,0,0,0,0,0,,0,Dejounte Murray,1627749,Keldon Johnson,1629640,Devin Vassell,1630170,Derrick White,1628401,Lonnie Walker IV,1629022,Jonathan Kuminga,1630228,Chris Chiozza,1629185,Moses Moody,1630541,Damion Lee,1627814,Jordan Poole,1629673
0022100771,612,18,6,4,10:48 PM,1:42,,Instant Replay4th Period (10:48 PM EST),,117 - 114,-3,0,609,,,,,,0,0,,,,,,1,0,,,,,,1,SAS,GSW,1610612759,1610612744,2022-02-01,2022,GSW,instant-replay,,,0,,2778,0.0,0,0,0,0,0,0,,0,Dejounte Murray,1627749,Keldon Johnson,1629640,Devin Vassell,1630170,Derrick White,1628401,Lonnie Walker IV,1629022,Jonathan Kuminga,1630228,Chris Chiozza,1629185,Moses Moody,1630541,Damion Lee,1627814,Jordan Poole,1629673
0022100771,613,3,11,4,10:49 PM,1:42,Johnson Free Throw 1 of 2 (20 PTS),,,117 - 115,-2,4,1629640,Keldon Johnson,1610612759.0,San Antonio,Spurs,SAS,0,0,,,,,,0,0,,,,,,1,SAS,GSW,1610612759,1610612744,2022-02-01,2022,SAS,free-throw,,1.0,0,Free Throw 1 of 2,2778,0.0,0,1,0,0,0,0,,0,Dejounte Murray,1627749,Keldon Johnson,1629640,Devin Vassell,1630170,Derrick White,1628401,Lonnie Walker IV,1629022,Jonathan Kuminga,1630228,Chris Chiozza,1629185,Moses Moody,1630541,Damion Lee,1627814,Jordan Poole,1629673
0022100771,614,3,12,4,10:50 PM,1:42,Johnson Free Throw 2 of 2 (21 PTS),,,117 - 116,-1,4,1629640,Keldon Johnson,1610612759.0,San Antonio,Spurs,SAS,0,0,,,,,,0,0,,,,,,1,SAS,GSW,1610612759,1610612744,2022-02-01,2022,SAS,free-throw,,1.0,0,Free Throw 2 of 2,2778,0.0,0,1,0,0,0,0,,0,Dejounte Murray,1627749,Keldon Johnson,1629640,Devin Vassell,1630170,Derrick White,1628401,Lonnie Walker IV,1629022,Jonathan Kuminga,1630228,Chris Chiozza,1629185,Moses Moody,1630541,Damion Lee,1627814,Jordan Poole,1629673
0022100771,615,2,101,4,10:50 PM,1:16,,,MISS Chiozza 1' Driving Floating Jump Shot,,,5,1629185,Chris Chiozza,1610612744.0,Golden State,Warriors,GSW,0,0,,,,,,0,0,,,,,,1,SAS,GSW,1610612759,1610612744,2022-02-01,2022,GSW,missed_shot,,0.0,0,Driving Floating Jump Shot,2804,26.0,0,0,0,0,0,0,,0,Dejounte Murray,1627749,Keldon Johnson,1629640,Devin Vassell,1630170,Derrick White,1628401,Lonnie Walker IV,1629022,Jonathan Kuminga,1630228,Chris Chiozza,1629185,Moses Moody,1630541,Damion Lee,1627814,Jordan Poole,1629673
0022100771,616,4,0,4,10:50 PM,1:14,,,Moody REBOUND (Off:1 Def:5),,,5,1630541,Moses Moody,1610612744.0,Golden State,Warriors,GSW,0,0,,,,,,0,0,,,,,,1,SAS,GSW,1610612759,1610612744,2022-02-01,2022,GSW,rebound,,,0,,2806,2.0,0,0,1,0,0,0,,0,Dejounte Murray,1627749,Keldon Johnson,1629640,Devin Vassell,1630170,Derrick White,1628401,Lonnie Walker IV,1629022,Jonathan Kuminga,1630228,Chris Chiozza,1629185,Moses Moody,1630541,Damion Lee,1627814,Jordan Poole,1629673
0022100771,617,2,72,4,10:50 PM,1:12,,,MISS Moody 2' Putback Layup,,,5,1630541,Moses Moody,1610612744.0,Golden State,Warriors,GSW,0,0,,,,,,0,0,,,,,,1,SAS,GSW,1610612759,1610612744,2022-02-01,2022,GSW,missed_shot,,0.0,0,Putback Layup Shot,2808,2.0,0,0,0,0,0,0,,1,Dejounte Murray,1627749,Keldon Johnson,1629640,Devin Vassell,1630170,Derrick White,1628401,Lonnie Walker IV,1629022,Jonathan Kuminga,1630228,Chris Chiozza,1629185,Moses Moody,1630541,Damion Lee,1627814,Jordan Poole,1629673
0022100771,618,4,0,4,10:50 PM,1:10,Vassell REBOUND (Off:0 Def:8),,,,,4,1630170,Devin Vassell,1610612759.0,San Antonio,Spurs,SAS,0,0,,,,,,0,0,,,,,,1,SAS,GSW,1610612759,1610612744,2022-02-01,2022,SAS,rebound,,,0,,2810,2.0,0,0,0,1,0,0,,0,Dejounte Murray,1627749,Keldon Johnson,1629640,Devin Vassell,1630170,Derrick White,1628401,Lonnie Walker IV,1629022,Jonathan Kuminga,1630228,Chris Chiozza,1629185,Moses Moody,1630541,Damion Lee,1627814,Jordan Poole,1629673
0022100771,619,1,101,4,10:50 PM,1:02,Murray 4' Driving Floating Jump Shot (25 PTS),,,117 - 118,1,4,1627749,Dejounte Murray,1610612759.0,San Antonio,Spurs,SAS,0,0,,,,,,0,0,,,,,,1,SAS,GSW,1610612759,1610612744,2022-02-01,2022,SAS,shot,,1.0,0,Driving Floating Jump Shot,2818,8.0,0,2,0,0,0,0,,0,Dejounte Murray,1627749,Keldon Johnson,1629640,Devin Vassell,1630170,Derrick White,1628401,Lonnie Walker IV,1629022,Jonathan Kuminga,1630228,Chris Chiozza,1629185,Moses Moody,1630541,Damion Lee,1627814,Jordan Poole,1629673
0022100771,620,1,6,4,10:51 PM,0:53,,,Poole 2' Driving Layup (28 PTS),119 - 118,-1,5,1629673,Jordan Poole,1610612744.0,Golden State,Warriors,GSW,0,0,,,,,,0,0,,,,,,1,SAS,GSW,1610612759,1610612744,2022-02-01,2022,GSW,shot,,1.0,0,Driving Layup Shot,2827,9.0,0,2,0,0,0,0,,0,Dejounte Murray,1627749,Keldon Johnson,1629640,Devin Vassell,1630170,Derrick White,1628401,Lonnie Walker IV,1629022,Jonathan Kuminga,1630228,Chris Chiozza,1629185,Moses Moody,1630541,Damion Lee,1627814,Jordan Poole,1629673
0022100771,621,1,79,4,10:51 PM,0:40,Murray 14' Pullup Jump Shot (27 PTS),,,119 - 120,1,4,1627749,Dejounte Murray,1610612759.0,San Antonio,Spurs,SAS,0,0,,,,,,0,0,,,,,,1,SAS,GSW,1610612759,1610612744,2022-02-01,2022,SAS,shot,,1.0,0,Pullup Jump shot,2840,13.0,0,2,0,0,0,0,,0,Dejounte Murray,1627749,Keldon Johnson,1629640,Devin Vassell,1630170,Derrick White,1628401,Lonnie Walker IV,1629022,Jonathan Kuminga,1630228,Chris Chiozza,1629185,Moses Moody,1630541,Damion Lee,1627814,Jordan Poole,1629673
0022100771,622,2,1,4,10:51 PM,0:26,,,MISS Poole 3PT Jump Shot,,,5,1629673,Jordan Poole,1610612744.0,Golden State,Warriors,GSW,0,0,,,,,,0,0,,,,,,1,SAS,GSW,1610612759,1610612744,2022-02-01,2022,GSW,missed_shot,,0.0,0,Jump Shot,2854,14.0,1,0,0,0,0,0,,0,Dejounte Murray,1627749,Keldon Johnson,1629640,Devin Vassell,1630170,Derrick White,1628401,Lonnie Walker IV,1629022,Jonathan Kuminga,1630228,Chris Chiozza,1629185,Moses Moody,1630541,Damion Lee,1627814,Jordan Poole,1629673
0022100771,623,4,0,4,10:51 PM,0:19,,,Moody REBOUND (Off:2 Def:5),,,5,1630541,Moses Moody,1610612744.0,Golden State,Warriors,GSW,0,0,,,,,,0,0,,,,,,1,SAS,GSW,1610612759,1610612744,2022-02-01,2022,GSW,rebound,,,0,,2861,7.0,0,0,1,0,0,0,,0,Dejounte Murray,1627749,Keldon Johnson,1629640,Devin Vassell,1630170,Derrick White,1628401,Lonnie Walker IV,1629022,Jonathan Kuminga,1630228,Chris Chiozza,1629185,Moses Moody,1630541,Damion Lee,1627814,Jordan Poole,1629673
0022100771,624,1,1,4,10:51 PM,0:17,,,Poole 24' 3PT Jump Shot (31 PTS) (Lee 2 AST),122 - 120,-2,5,1629673,Jordan Poole,1610612744.0,Golden State,Warriors,GSW,5,1627814,Damion Lee,1610612744.0,Golden State,Warriors,GSW,0,0,,,,,,1,SAS,GSW,1610612759,1610612744,2022-02-01,2022,GSW,shot,,1.0,0,Jump Shot,2863,2.0,1,3,0,0,0,0,,1,Dejounte Murray,1627749,Keldon Johnson,1629640,Devin Vassell,1630170,Derrick White,1628401,Lonnie Walker IV,1629022,Jonathan Kuminga,1630228,Chris Chiozza,1629185,Moses Moody,1630541,Damion Lee,1627814,Jordan Poole,1629673
0022100771,626,9,1,4,10:52 PM,0:17,SPURS Timeout: Regular (Full 6 Short 0),,,,,2,1610612759,,,,,,0,0,,,,,,0,0,,,,,,0,SAS,GSW,1610612759,1610612744,2022-02-01,2022,SAS,team-timeout,,,0,,2863,0.0,0,0,0,0,0,0,,0,Dejounte Murray,1627749,Keldon Johnson,1629640,Devin Vassell,1630170,Derrick White,1628401,Lonnie Walker IV,1629022,Jonathan Kuminga,1630228,Chris Chiozza,1629185,Moses Moody,1630541,Damion Lee,1627814,Jordan Poole,1629673
0022100771,627,8,0,4,10:53 PM,0:17,,,SUB: Toscano-Anderson FOR Chiozza,,,5,1629185,Chris Chiozza,1610612744.0,Golden State,Warriors,GSW,5,1629308,Juan Toscano-Anderson,1610612744.0,Golden State,Warriors,GSW,0,0,,,,,,0,SAS,GSW,1610612759,1610612744,2022-02-01,2022,GSW,substitution,,,0,,2863,0.0,0,0,0,0,0,0,,0,Dejounte Murray,1627749,Keldon Johnson,1629640,Devin Vassell,1630170,Derrick White,1628401,Lonnie Walker IV,1629022,Jonathan Kuminga,1630228,Moses Moody,1630541,Damion Lee,1627814,Jordan Poole,1629673,Juan Toscano-Anderson,1629308
0022100771,629,2,1,4,10:54 PM,0:08,MISS Vassell 25' 3PT Jump Shot,,,,,4,1630170,Devin Vassell,1610612759.0,San Antonio,Spurs,SAS,0,0,,,,,,0,0,,,,,,1,SAS,GSW,1610612759,1610612744,2022-02-01,2022,SAS,missed_shot,,0.0,0,Jump Shot,2872,9.0,1,0,0,0,0,0,,0,Dejounte Murray,1627749,Keldon Johnson,1629640,Devin Vassell,1630170,Derrick White,1628401,Lonnie Walker IV,1629022,Jonathan Kuminga,1630228,Moses Moody,1630541,Damion Lee,1627814,Jordan Poole,1629673,Juan Toscano-Anderson,1629308
0022100771,630,4,0,4,10:54 PM,0:07,,,Lee REBOUND (Off:0 Def:5),,,5,1627814,Damion Lee,1610612744.0,Golden State,Warriors,GSW,0,0,,,,,,0,0,,,,,,1,SAS,GSW,1610612759,1610612744,2022-02-01,2022,GSW,rebound,,,0,,2873,1.0,0,0,0,1,0,0,,0,Dejounte Murray,1627749,Keldon Johnson,1629640,Devin Vassell,1630170,Derrick White,1628401,Lonnie Walker IV,1629022,Jonathan Kuminga,1630228,Moses Moody,1630541,Damion Lee,1627814,Jordan Poole,1629673,Juan Toscano-Anderson,1629308
0022100771,631,6,28,4,10:54 PM,0:07,White Personal Take Foul (P3.T2) (M.Lindsay),,,,,4,1628401,Derrick White,1610612759.0,San Antonio,Spurs,SAS,5,1627814,Damion Lee,1610612744.0,Golden State,Warriors,GSW,1,0,,,,,,1,SAS,GSW,1610612759,1610612744,2022-02-01,2022,SAS,foul,,,0,,2873,0.0,0,0,0,0,0,0,shooting block,0,Dejounte Murray,1627749,Keldon Johnson,1629640,Devin Vassell,1630170,Derrick White,1628401,Lonnie Walker IV,1629022,Jonathan Kuminga,1630228,Moses Moody,1630541,Damion Lee,1627814,Jordan Poole,1629673,Juan Toscano-Anderson,1629308
0022100771,633,8,0,4,10:54 PM,0:07,SUB: Bates-Diop FOR Johnson,,,,,4,1629640,Keldon Johnson,1610612759.0,San Antonio,Spurs,SAS,4,1628966,Keita Bates-Diop,1610612759.0,San Antonio,Spurs,SAS,0,0,,,,,,0,SAS,GSW,1610612759,1610612744,2022-02-01,2022,SAS,substitution,,,0,,2873,0.0,0,0,0,0,0,0,,0,Dejounte Murray,1627749,Devin Vassell,1630170,Derrick White,1628401,Lonnie Walker IV,1629022,Keita Bates-Diop,1628966,Jonathan Kuminga,1630228,Moses Moody,1630541,Damion Lee,1627814,Jordan Poole,1629673,Juan Toscano-Anderson,1629308
0022100771,634,8,0,4,10:54 PM,0:07,,,SUB: Chiozza FOR Kuminga,,,5,1630228,Jonathan Kuminga,1610612744.0,Golden State,Warriors,GSW,5,1629185,Chris Chiozza,1610612744.0,Golden State,Warriors,GSW,0,0,,,,,,0,SAS,GSW,1610612759,1610612744,2022-02-01,2022,GSW,substitution,,,0,,2873,0.0,0,0,0,0,0,0,,0,Dejounte Murray,1627749,Devin Vassell,1630170,Derrick White,1628401,Lonnie Walker IV,1629022,Keita Bates-Diop,1628966,Moses Moody,1630541,Damion Lee,1627814,Jordan Poole,1629673,Juan Toscano-Anderson,1629308,Chris Chiozza,1629185
0022100771,637,6,28,4,10:55 PM,0:04,Bates-Diop Personal Take Foul (P2.PN) (M.Dagher),,,,,4,1628966,Keita Bates-Diop,1610612759.0,San Antonio,Spurs,SAS,5,1627814,Damion Lee,1610612744.0,Golden State,Warriors,GSW,1,0,,,,,,1,SAS,GSW,1610612759,1610612744,2022-02-01,2022,SAS,foul,,,0,,2876,3.0,0,0,0,0,0,0,shooting block,0,Dejounte Murray,1627749,Devin Vassell,1630170,Derrick White,1628401,Lonnie Walker IV,1629022,Keita Bates-Diop,1628966,Moses Moody,1630541,Damion Lee,1627814,Jordan Poole,1629673,Juan Toscano-Anderson,1629308,Chris Chiozza,1629185
0022100771,639,3,11,4,10:56 PM,0:04,,,Lee Free Throw 1 of 2 (20 PTS),123 - 120,-3,5,1627814,Damion Lee,1610612744.0,Golden State,Warriors,GSW,0,0,,,,,,0,0,,,,,,1,SAS,GSW,1610612759,1610612744,2022-02-01,2022,GSW,free-throw,,1.0,0,Free Throw 1 of 2,2876,0.0,0,1,0,0,0,0,,0,Dejounte Murray,1627749,Devin Vassell,1630170,Derrick White,1628401,Lonnie Walker IV,1629022,Keita Bates-Diop,1628966,Moses Moody,1630541,Damion Lee,1627814,Jordan Poole,1629673,Juan Toscano-Anderson,1629308,Chris Chiozza,1629185
0022100771,640,3,12,4,10:56 PM,0:04,,,Lee Free Throw 2 of 2 (21 PTS),124 - 120,-4,5,1627814,Damion Lee,1610612744.0,Golden State,Warriors,GSW,0,0,,,,,,0,0,,,,,,1,SAS,GSW,1610612759,1610612744,2022-02-01,2022,GSW,free-throw,,1.0,0,Free Throw 2 of 2,2876,0.0,0,1,0,0,0,0,,0,Dejounte Murray,1627749,Devin Vassell,1630170,Derrick White,1628401,Lonnie Walker IV,1629022,Keita Bates-Diop,1628966,Moses Moody,1630541,Damion Lee,1627814,Jordan Poole,1629673,Juan Toscano-Anderson,1629308,Chris Chiozza,1629185
0022100771,641,2,2,4,10:56 PM,0:00,MISS Vassell 25' 3PT Running Jump Shot,,,,,4,1630170,Devin Vassell,1610612759.0,San Antonio,Spurs,SAS,0,0,,,,,,0,0,,,,,,1,SAS,GSW,1610612759,1610612744,2022-02-01,2022,SAS,missed_shot,,0.0,0,Running Jump Shot,2880,4.0,1,0,0,0,0,0,,0,Dejounte Murray,1627749,Devin Vassell,1630170,Derrick White,1628401,Lonnie Walker IV,1629022,Keita Bates-Diop,1628966,Moses Moody,1630541,Damion Lee,1627814,Jordan Poole,1629673,Juan Toscano-Anderson,1629308,Chris Chiozza,1629185
0022100771,642,4,0,4,10:56 PM,0:00,,,Toscano-Anderson REBOUND (Off:1 Def:2),,,5,1629308,Juan Toscano-Anderson,1610612744.0,Golden State,Warriors,GSW,0,0,,,,,,0,0,,,,,,1,SAS,GSW,1610612759,1610612744,2022-02-01,2022,GSW,rebound,,,0,,2880,0.0,0,0,0,1,0,0,,0,Dejounte Murray,1627749,Devin Vassell,1630170,Derrick White,1628401,Lonnie Walker IV,1629022,Keita Bates-Diop,1628966,Moses Moody,1630541,Damion Lee,1627814,Jordan Poole,1629673,Juan Toscano-Anderson,1629308,Chris Chiozza,1629185
0022100771,643,13,0,4,10:57 PM,0:00,,End of 4th Period (10:57 PM EST),,124 - 120,-4,0,0,,,,,,0,0,,,,,,0,0,,,,,,1,SAS,GSW,1610612759,1610612744,2022-02-01,2022,GSW,period-end,,,0,,2880,0.0,0,0,0,0,0,0,,0,Dejounte Murray,1627749,Devin Vassell,1630170,Derrick White,1628401,Lonnie Walker IV,1629022,Keita Bates-Diop,1628966,Moses Moody,1630541,Damion Lee,1627814,Jordan Poole,1629673,Juan Toscano-Anderson,1629308,Chris Chiozza,1629185
